1 010010010010010
2 010010010010010
3 010010010010011
4 010010010010011
5 010010010010110
6 010010010010110
7 010010010010111
8 010010010010111
9 010010010011010
10 010010010011010
11 010010010011011
12 010010010011011
13 010010010011110
14 010010010011110
15 010010010011111
16 010010010011111
17 010010010110010
18 010010010110010
19 010010010110011
20 010010010110011
21 010010010110110
22 010010010110110
23 010010010110111
24 010010010110111
25 010010010111010
26 010010010111010
27 010010010111011
28 010010010111011
29 010010010111110
30 010010010111110
31 010010010111111
32 010010010111111
33 010010011010010
34 010010011010010
35 010010011010011
36 010010011010011
37 010010011010110
38 010010011010110
39 010010011010111
40 010010011010111
41 010010011011010
42 010010011011010
43 010010011011011
44 010010011011011
45 010010011011110
46 010010011011110
47 010010011011111
48 010010011011111
49 010010011110010
50 010010011110010
51 010010011110011
52 010010011110011
53 010010011110110
54 010010011110110
55 010010011110111
56 010010011110111
57 010010011111010
58 010010011111010
59 010010011111011
60 010010011111011
61 010010011111110
62 010010011111110
63 010010011111111
64 010010011111111
65 010010110010010
66 010010110010010
67 010010110010011
68 010010110010011
69 010010110010110
70 010010110010110
71 010010110010111
72 010010110010111
73 010010110011010
74 010010110011010
75 010010110011011
76 010010110011011
77 010010110011110
78 010010110011110
79 010010110011111
80 010010110011111
81 010010110110010
82 010010110110010
83 010010110110011
84 010010110110011
85 010010110110110
86 010010110110110
87 010010110110111
88 010010110110111
89 010010110111010
90 010010110111010
91 010010110111011
92 010010110111011
93 010010110111110
94 010010110111110
95 010010110111111
96 010010110111111
97 010010111010010
98 010010111010010
99 010010111010011
100 010010111010011
101 010010111010110
102 010010111010110
103 010010111010111
104 010010111010111
105 010010111011010
106 010010111011010
107 010010111011011
108 010010111011011
109 010010111011110
110 010010111011110
111 010010111011111
112 010010111011111
113 010010111110010
114 010010111110010
115 010010111110011
116 010010111110011
117 010010111110110
118 010010111110110
119 010010111110111
120 010010111110111
121 010010111111010
122 010010111111010
123 010010111111011
124 010010111111011
125 010010111111110
126 010010111111110
127 010010111111111
128 010010111111111
129 010011010010010
130 010011010010010
131 010011010010011
132 010011010010011
133 010011010010110
134 010011010010110
135 010011010010111
136 010011010010111
137 010011010011010
138 010011010011010
139 010011010011011
140 010011010011011
141 010011010011110
142 010011010011110
143 010011010011111
144 010011010011111
145 010011010110010
146 010011010110010
147 010011010110011
148 010011010110011
149 010011010110110
150 010011010110110
151 010011010110111
152 010011010110111
153 010011010111010
154 010011010111010
155 010011010111011
156 010011010111011
157 010011010111110
158 010011010111110
159 010011010111111
160 010011010111111
161 010011011010010
162 010011011010010
163 010011011010011
164 010011011010011
165 010011011010110
166 010011011010110
167 010011011010111
168 010011011010111
169 010011011011010
170 010011011011010
171 010011011011011
172 010011011011011
173 010011011011110
174 010011011011110
175 010011011011111
176 010011011011111
177 010011011110010
178 010011011110010
179 010011011110011
180 010011011110011
181 010011011110110
182 010011011110110
183 010011011110111
184 010011011110111
185 010011011111010
186 010011011111010
187 010011011111011
188 010011011111011
189 010011011111110
190 010011011111110
191 010011011111111
192 010011011111111
193 010011110010010
194 010011110010010
195 010011110010011
196 010011110010011
197 010011110010110
198 010011110010110
199 010011110010111
200 010011110010111
201 010011110011010
202 010011110011010
203 010011110011011
204 010011110011011
205 010011110011110
206 010011110011110
207 010011110011111
208 010011110011111
209 010011110110010
210 010011110110010
211 010011110110011
212 010011110110011
213 010011110110110
214 010011110110110
215 010011110110111
216 010011110110111
217 010011110111010
218 010011110111010
219 010011110111011
220 010011110111011
221 010011110111110
222 010011110111110
223 010011110111111
224 010011110111111
225 010011111010010
226 010011111010010
227 010011111010011
228 010011111010011
229 010011111010110
230 010011111010110
231 010011111010111
232 010011111010111
233 010011111011010
234 010011111011010
235 010011111011011
236 010011111011011
237 010011111011110
238 010011111011110
239 010011111011111
240 010011111011111
241 010011111110010
242 010011111110010
243 010011111110011
244 010011111110011
245 010011111110110
246 010011111110110
247 010011111110111
248 010011111110111
249 010011111111010
250 010011111111010
251 010011111111011
252 010011111111011
253 010011111111110
254 010011111111110
255 010011111111111
256 010011111111111
257 010110010010010
258 010110010010010
259 010110010010011
260 010110010010011
261 010110010010110
262 010110010010110
263 010110010010111
264 010110010010111
265 010110010011010
266 010110010011010
267 010110010011011
268 010110010011011
269 010110010011110
270 010110010011110
271 010110010011111
272 010110010011111
273 010110010110010
274 010110010110010
275 010110010110011
276 010110010110011
277 010110010110110
278 010110010110110
279 010110010110111
280 010110010110111
281 010110010111010
282 010110010111010
283 010110010111011
284 010110010111011
285 010110010111110
286 010110010111110
287 010110010111111
288 010110010111111
289 010110011010010
290 010110011010010
291 010110011010011
292 010110011010011
293 010110011010110
294 010110011010110
295 010110011010111
296 010110011010111
297 010110011011010
298 010110011011010
299 010110011011011
300 010110011011011
301 010110011011110
302 010110011011110
303 010110011011111
304 010110011011111
305 010110011110010
306 010110011110010
307 010110011110011
308 010110011110011
309 010110011110110
310 010110011110110
311 010110011110111
312 010110011110111
313 010110011111010
314 010110011111010
315 010110011111011
316 010110011111011
317 010110011111110
318 010110011111110
319 010110011111111
320 010110011111111
321 010110110010010
322 010110110010010
323 010110110010011
324 010110110010011
325 010110110010110
326 010110110010110
327 010110110010111
328 010110110010111
329 010110110011010
330 010110110011010
331 010110110011011
332 010110110011011
333 010110110011110
334 010110110011110
335 010110110011111
336 010110110011111
337 010110110110010
338 010110110110010
339 010110110110011
340 010110110110011
341 010110110110110
342 010110110110110
343 010110110110111
344 010110110110111
345 010110110111010
346 010110110111010
347 010110110111011
348 010110110111011
349 010110110111110
350 010110110111110
351 010110110111111
352 010110110111111
353 010110111010010
354 010110111010010
355 010110111010011
356 010110111010011
357 010110111010110
358 010110111010110
359 010110111010111
360 010110111010111
361 010110111011010
362 010110111011010
363 010110111011011
364 010110111011011
365 010110111011110
366 010110111011110
367 010110111011111
368 010110111011111
369 010110111110010
370 010110111110010
371 010110111110011
372 010110111110011
373 010110111110110
374 010110111110110
375 010110111110111
376 010110111110111
377 010110111111010
378 010110111111010
379 010110111111011
380 010110111111011
381 010110111111110
382 010110111111110
383 010110111111111
384 010110111111111
385 010111010010010
386 010111010010010
387 010111010010011
388 010111010010011
389 010111010010110
390 010111010010110
391 010111010010111
392 010111010010111
393 010111010011010
394 010111010011010
395 010111010011011
396 010111010011011
397 010111010011110
398 010111010011110
399 010111010011111
400 010111010011111
401 010111010110010
402 010111010110010
403 010111010110011
404 010111010110011
405 010111010110110
406 010111010110110
407 010111010110111
408 010111010110111
409 010111010111010
410 010111010111010
411 010111010111011
412 010111010111011
413 010111010111110
414 010111010111110
415 010111010111111
416 010111010111111
417 010111011010010
418 010111011010010
419 010111011010011
420 010111011010011
421 010111011010110
422 010111011010110
423 010111011010111
424 010111011010111
425 010111011011010
426 010111011011010
427 010111011011011
428 010111011011011
429 010111011011110
430 010111011011110
431 010111011011111
432 010111011011111
433 010111011110010
434 010111011110010
435 010111011110011
436 010111011110011
437 010111011110110
438 010111011110110
439 010111011110111
440 010111011110111
441 010111011111010
442 010111011111010
443 010111011111011
444 010111011111011
445 010111011111110
446 010111011111110
447 010111011111111
448 010111011111111
449 010111110010010
450 010111110010010
451 010111110010011
452 010111110010011
453 010111110010110
454 010111110010110
455 010111110010111
456 010111110010111
457 010111110011010
458 010111110011010
459 010111110011011
460 010111110011011
461 010111110011110
462 010111110011110
463 010111110011111
464 010111110011111
465 010111110110010
466 010111110110010
467 010111110110011
468 010111110110011
469 010111110110110
470 010111110110110
471 010111110110111
472 010111110110111
473 010111110111010
474 010111110111010
475 010111110111011
476 010111110111011
477 010111110111110
478 010111110111110
479 010111110111111
480 010111110111111
481 010111111010010
482 010111111010010
483 010111111010011
484 010111111010011
485 010111111010110
486 010111111010110
487 010111111010111
488 010111111010111
489 010111111011010
490 010111111011010
491 010111111011011
492 010111111011011
493 010111111011110
494 010111111011110
495 010111111011111
496 010111111011111
497 010111111110010
498 010111111110010
499 010111111110011
500 010111111110011
501 010111111110110
502 010111111110110
503 010111111110111
504 010111111110111
505 010111111111010
506 010111111111010
507 010111111111011
508 010111111111011
509 010111111111110
510 010111111111110
511 010111111111111
512 010111111111111
513 011010010010010
514 011010010010010
515 011010010010011
516 011010010010011
517 011010010010110
518 011010010010110
519 011010010010111
520 011010010010111
521 011010010011010
522 011010010011010
523 011010010011011
524 011010010011011
525 011010010011110
526 011010010011110
527 011010010011111
528 011010010011111
529 011010010110010
530 011010010110010
531 011010010110011
532 011010010110011
533 011010010110110
534 011010010110110
535 011010010110111
536 011010010110111
537 011010010111010
538 011010010111010
539 011010010111011
540 011010010111011
541 011010010111110
542 011010010111110
543 011010010111111
544 011010010111111
545 011010011010010
546 011010011010010
547 011010011010011
548 011010011010011
549 011010011010110
550 011010011010110
551 011010011010111
552 011010011010111
553 011010011011010
554 011010011011010
555 011010011011011
556 011010011011011
557 011010011011110
558 011010011011110
559 011010011011111
560 011010011011111
561 011010011110010
562 011010011110010
563 011010011110011
564 011010011110011
565 011010011110110
566 011010011110110
567 011010011110111
568 011010011110111
569 011010011111010
570 011010011111010
571 011010011111011
572 011010011111011
573 011010011111110
574 011010011111110
575 011010011111111
576 011010011111111
577 011010110010010
578 011010110010010
579 011010110010011
580 011010110010011
581 011010110010110
582 011010110010110
583 011010110010111
584 011010110010111
585 011010110011010
586 011010110011010
587 011010110011011
588 011010110011011
589 011010110011110
590 011010110011110
591 011010110011111
592 011010110011111
593 011010110110010
594 011010110110010
595 011010110110011
596 011010110110011
597 011010110110110
598 011010110110110
599 011010110110111
600 011010110110111
601 011010110111010
602 011010110111010
603 011010110111011
604 011010110111011
605 011010110111110
606 011010110111110
607 011010110111111
608 011010110111111
609 011010111010010
610 011010111010010
611 011010111010011
612 011010111010011
613 011010111010110
614 011010111010110
615 011010111010111
616 011010111010111
617 011010111011010
618 011010111011010
619 011010111011011
620 011010111011011
621 011010111011110
622 011010111011110
623 011010111011111
624 011010111011111
625 011010111110010
626 011010111110010
627 011010111110011
628 011010111110011
629 011010111110110
630 011010111110110
631 011010111110111
632 011010111110111
633 011010111111010
634 011010111111010
635 011010111111011
636 011010111111011
637 011010111111110
638 011010111111110
639 011010111111111
640 011010111111111
641 011011010010010
642 011011010010010
643 011011010010011
644 011011010010011
645 011011010010110
646 011011010010110
647 011011010010111
648 011011010010111
649 011011010011010
650 011011010011010
651 011011010011011
652 011011010011011
653 011011010011110
654 011011010011110
655 011011010011111
656 011011010011111
657 011011010110010
658 011011010110010
659 011011010110011
660 011011010110011
661 011011010110110
662 011011010110110
663 011011010110111
664 011011010110111
665 011011010111010
666 011011010111010
667 011011010111011
668 011011010111011
669 011011010111110
670 011011010111110
671 011011010111111
672 011011010111111
673 011011011010010
674 011011011010010
675 011011011010011
676 011011011010011
677 011011011010110
678 011011011010110
679 011011011010111
680 011011011010111
681 011011011011010
682 011011011011010
683 011011011011011
684 011011011011011
685 011011011011110
686 011011011011110
687 011011011011111
688 011011011011111
689 011011011110010
690 011011011110010
691 011011011110011
692 011011011110011
693 011011011110110
694 011011011110110
695 011011011110111
696 011011011110111
697 011011011111010
698 011011011111010
699 011011011111011
700 011011011111011
701 011011011111110
702 011011011111110
703 011011011111111
704 011011011111111
705 011011110010010
706 011011110010010
707 011011110010011
708 011011110010011
709 011011110010110
710 011011110010110
711 011011110010111
712 011011110010111
713 011011110011010
714 011011110011010
715 011011110011011
716 011011110011011
717 011011110011110
718 011011110011110
719 011011110011111
720 011011110011111
721 011011110110010
722 011011110110010
723 011011110110011
724 011011110110011
725 011011110110110
726 011011110110110
727 011011110110111
728 011011110110111
729 011011110111010
730 011011110111010
731 011011110111011
732 011011110111011
733 011011110111110
734 011011110111110
735 011011110111111
736 011011110111111
737 011011111010010
738 011011111010010
739 011011111010011
740 011011111010011
741 011011111010110
742 011011111010110
743 011011111010111
744 011011111010111
745 011011111011010
746 011011111011010
747 011011111011011
748 011011111011011
749 011011111011110
750 011011111011110
751 011011111011111
752 011011111011111
753 011011111110010
754 011011111110010
755 011011111110011
756 011011111110011
757 011011111110110
758 011011111110110
759 011011111110111
760 011011111110111
761 011011111111010
762 011011111111010
763 011011111111011
764 011011111111011
765 011011111111110
766 011011111111110
767 011011111111111
768 011011111111111
769 011110010010010
770 011110010010010
771 011110010010011
772 011110010010011
773 011110010010110
774 011110010010110
775 011110010010111
776 011110010010111
777 011110010011010
778 011110010011010
779 011110010011011
780 011110010011011
781 011110010011110
782 011110010011110
783 011110010011111
784 011110010011111
785 011110010110010
786 011110010110010
787 011110010110011
788 011110010110011
789 011110010110110
790 011110010110110
791 011110010110111
792 011110010110111
793 011110010111010
794 011110010111010
795 011110010111011
796 011110010111011
797 011110010111110
798 011110010111110
799 011110010111111
800 011110010111111
801 011110011010010
802 011110011010010
803 011110011010011
804 011110011010011
805 011110011010110
806 011110011010110
807 011110011010111
808 011110011010111
809 011110011011010
810 011110011011010
811 011110011011011
812 011110011011011
813 011110011011110
814 011110011011110
815 011110011011111
816 011110011011111
817 011110011110010
818 011110011110010
819 011110011110011
820 011110011110011
821 011110011110110
822 011110011110110
823 011110011110111
824 011110011110111
825 011110011111010
826 011110011111010
827 011110011111011
828 011110011111011
829 011110011111110
830 011110011111110
831 011110011111111
832 011110011111111
833 011110110010010
834 011110110010010
835 011110110010011
836 011110110010011
837 011110110010110
838 011110110010110
839 011110110010111
840 011110110010111
841 011110110011010
842 011110110011010
843 011110110011011
844 011110110011011
845 011110110011110
846 011110110011110
847 011110110011111
848 011110110011111
849 011110110110010
850 011110110110010
851 011110110110011
852 011110110110011
853 011110110110110
854 011110110110110
855 011110110110111
856 011110110110111
857 011110110111010
858 011110110111010
859 011110110111011
860 011110110111011
861 011110110111110
862 011110110111110
863 011110110111111
864 011110110111111
865 011110111010010
866 011110111010010
867 011110111010011
868 011110111010011
869 011110111010110
870 011110111010110
871 011110111010111
872 011110111010111
873 011110111011010
874 011110111011010
875 011110111011011
876 011110111011011
877 011110111011110
878 011110111011110
879 011110111011111
880 011110111011111
881 011110111110010
882 011110111110010
883 011110111110011
884 011110111110011
885 011110111110110
886 011110111110110
887 011110111110111
888 011110111110111
889 011110111111010
890 011110111111010
891 011110111111011
892 011110111111011
893 011110111111110
894 011110111111110
895 011110111111111
896 011110111111111
897 011111010010010
898 011111010010010
899 011111010010011
900 011111010010011
901 011111010010110
902 011111010010110
903 011111010010111
904 011111010010111
905 011111010011010
906 011111010011010
907 011111010011011
908 011111010011011
909 011111010011110
910 011111010011110
911 011111010011111
912 011111010011111
913 011111010110010
914 011111010110010
915 011111010110011
916 011111010110011
917 011111010110110
918 011111010110110
919 011111010110111
920 011111010110111
921 011111010111010
922 011111010111010
923 011111010111011
924 011111010111011
925 011111010111110
926 011111010111110
927 011111010111111
928 011111010111111
929 011111011010010
930 011111011010010
931 011111011010011
932 011111011010011
933 011111011010110
934 011111011010110
935 011111011010111
936 011111011010111
937 011111011011010
938 011111011011010
939 011111011011011
940 011111011011011
941 011111011011110
942 011111011011110
943 011111011011111
944 011111011011111
945 011111011110010
946 011111011110010
947 011111011110011
948 011111011110011
949 011111011110110
950 011111011110110
951 011111011110111
952 011111011110111
953 011111011111010
954 011111011111010
955 011111011111011
956 011111011111011
957 011111011111110
958 011111011111110
959 011111011111111
960 011111011111111
961 011111110010010
962 011111110010010
963 011111110010011
964 011111110010011
965 011111110010110
966 011111110010110
967 011111110010111
968 011111110010111
969 011111110011010
970 011111110011010
971 011111110011011
972 011111110011011
973 011111110011110
974 011111110011110
975 011111110011111
976 011111110011111
977 011111110110010
978 011111110110010
979 011111110110011
980 011111110110011
981 011111110110110
982 011111110110110
983 011111110110111
984 011111110110111
985 011111110111010
986 011111110111010
987 011111110111011
988 011111110111011
989 011111110111110
990 011111110111110
991 011111110111111
992 011111110111111
993 011111111010010
994 011111111010010
995 011111111010011
996 011111111010011
997 011111111010110
998 011111111010110
999 011111111010111
1000 011111111010111
1001 011111111011010
1002 011111111011010
1003 011111111011011
1004 011111111011011
1005 011111111011110
1006 011111111011110
1007 011111111011111
1008 011111111011111
1009 011111111110010
1010 011111111110010
1011 011111111110011
1012 011111111110011
1013 011111111110110
1014 011111111110110
1015 011111111110111
1016 011111111110111
1017 011111111111010
1018 011111111111010
1019 011111111111011
1020 011111111111011
1021 011111111111110
1022 011111111111110
1023 011111111111111
1024 011111111111111
1025 110010010010010
1026 110010010010010
1027 110010010010011
1028 110010010010011
1029 110010010010110
1030 110010010010110
1031 110010010010111
1032 110010010010111
1033 110010010011010
1034 110010010011010
1035 110010010011011
1036 110010010011011
1037 110010010011110
1038 110010010011110
1039 110010010011111
1040 110010010011111
1041 110010010110010
1042 110010010110010
1043 110010010110011
1044 110010010110011
1045 110010010110110
1046 110010010110110
1047 110010010110111
1048 110010010110111
1049 110010010111010
1050 110010010111010
1051 110010010111011
1052 110010010111011
1053 110010010111110
1054 110010010111110
1055 110010010111111
1056 110010010111111
1057 110010011010010
1058 110010011010010
1059 110010011010011
1060 110010011010011
1061 110010011010110
1062 110010011010110
1063 110010011010111
1064 110010011010111
1065 110010011011010
1066 110010011011010
1067 110010011011011
1068 110010011011011
1069 110010011011110
1070 110010011011110
1071 110010011011111
1072 110010011011111
1073 110010011110010
1074 110010011110010
1075 110010011110011
1076 110010011110011
1077 110010011110110
1078 110010011110110
1079 110010011110111
1080 110010011110111
1081 110010011111010
1082 110010011111010
1083 110010011111011
1084 110010011111011
1085 110010011111110
1086 110010011111110
1087 110010011111111
1088 110010011111111
1089 110010110010010
1090 110010110010010
1091 110010110010011
1092 110010110010011
1093 110010110010110
1094 110010110010110
1095 110010110010111
1096 110010110010111
1097 110010110011010
1098 110010110011010
1099 110010110011011
1100 110010110011011
1101 110010110011110
1102 110010110011110
1103 110010110011111
1104 110010110011111
1105 110010110110010
1106 110010110110010
1107 110010110110011
1108 110010110110011
1109 110010110110110
1110 110010110110110
1111 110010110110111
1112 110010110110111
1113 110010110111010
1114 110010110111010
1115 110010110111011
1116 110010110111011
1117 110010110111110
1118 110010110111110
1119 110010110111111
1120 110010110111111
1121 110010111010010
1122 110010111010010
1123 110010111010011
1124 110010111010011
1125 110010111010110
1126 110010111010110
1127 110010111010111
1128 110010111010111
1129 110010111011010
1130 110010111011010
1131 110010111011011
1132 110010111011011
1133 110010111011110
1134 110010111011110
1135 110010111011111
1136 110010111011111
1137 110010111110010
1138 110010111110010
1139 110010111110011
1140 110010111110011
1141 110010111110110
1142 110010111110110
1143 110010111110111
1144 110010111110111
1145 110010111111010
1146 110010111111010
1147 110010111111011
1148 110010111111011
1149 110010111111110
1150 110010111111110
1151 110010111111111
1152 110010111111111
1153 110011010010010
1154 110011010010010
1155 110011010010011
1156 110011010010011
1157 110011010010110
1158 110011010010110
1159 110011010010111
1160 110011010010111
1161 110011010011010
1162 110011010011010
1163 110011010011011
1164 110011010011011
1165 110011010011110
1166 110011010011110
1167 110011010011111
1168 110011010011111
1169 110011010110010
1170 110011010110010
1171 110011010110011
1172 110011010110011
1173 110011010110110
1174 110011010110110
1175 110011010110111
1176 110011010110111
1177 110011010111010
1178 110011010111010
1179 110011010111011
1180 110011010111011
1181 110011010111110
1182 110011010111110
1183 110011010111111
1184 110011010111111
1185 110011011010010
1186 110011011010010
1187 110011011010011
1188 110011011010011
1189 110011011010110
1190 110011011010110
1191 110011011010111
1192 110011011010111
1193 110011011011010
1194 110011011011010
1195 110011011011011
1196 110011011011011
1197 110011011011110
1198 110011011011110
1199 110011011011111
1200 110011011011111
1201 110011011110010
1202 110011011110010
1203 110011011110011
1204 110011011110011
1205 110011011110110
1206 110011011110110
1207 110011011110111
1208 110011011110111
1209 110011011111010
1210 110011011111010
1211 110011011111011
1212 110011011111011
1213 110011011111110
1214 110011011111110
1215 110011011111111
1216 110011011111111
1217 110011110010010
1218 110011110010010
1219 110011110010011
1220 110011110010011
1221 110011110010110
1222 110011110010110
1223 110011110010111
1224 110011110010111
1225 110011110011010
1226 110011110011010
1227 110011110011011
1228 110011110011011
1229 110011110011110
1230 110011110011110
1231 110011110011111
1232 110011110011111
1233 110011110110010
1234 110011110110010
1235 110011110110011
1236 110011110110011
1237 110011110110110
1238 110011110110110
1239 110011110110111
1240 110011110110111
1241 110011110111010
1242 110011110111010
1243 110011110111011
1244 110011110111011
1245 110011110111110
1246 110011110111110
1247 110011110111111
1248 110011110111111
1249 110011111010010
1250 110011111010010
1251 110011111010011
1252 110011111010011
1253 110011111010110
1254 110011111010110
1255 110011111010111
1256 110011111010111
1257 110011111011010
1258 110011111011010
1259 110011111011011
1260 110011111011011
1261 110011111011110
1262 110011111011110
1263 110011111011111
1264 110011111011111
1265 110011111110010
1266 110011111110010
1267 110011111110011
1268 110011111110011
1269 110011111110110
1270 110011111110110
1271 110011111110111
1272 110011111110111
1273 110011111111010
1274 110011111111010
1275 110011111111011
1276 110011111111011
1277 110011111111110
1278 110011111111110
1279 110011111111111
1280 110011111111111
1281 110110010010010
1282 110110010010010
1283 110110010010011
1284 110110010010011
1285 110110010010110
1286 110110010010110
1287 110110010010111
1288 110110010010111
1289 110110010011010
1290 110110010011010
1291 110110010011011
1292 110110010011011
1293 110110010011110
1294 110110010011110
1295 110110010011111
1296 110110010011111
1297 110110010110010
1298 110110010110010
1299 110110010110011
1300 110110010110011
1301 110110010110110
1302 110110010110110
1303 110110010110111
1304 110110010110111
1305 110110010111010
1306 110110010111010
1307 110110010111011
1308 110110010111011
1309 110110010111110
1310 110110010111110
1311 110110010111111
1312 110110010111111
1313 110110011010010
1314 110110011010010
1315 110110011010011
1316 110110011010011
1317 110110011010110
1318 110110011010110
1319 110110011010111
1320 110110011010111
1321 110110011011010
1322 110110011011010
1323 110110011011011
1324 110110011011011
1325 110110011011110
1326 110110011011110
1327 110110011011111
1328 110110011011111
1329 110110011110010
1330 110110011110010
1331 110110011110011
1332 110110011110011
1333 110110011110110
1334 110110011110110
1335 110110011110111
1336 110110011110111
1337 110110011111010
1338 110110011111010
1339 110110011111011
1340 110110011111011
1341 110110011111110
1342 110110011111110
1343 110110011111111
1344 110110011111111
1345 110110110010010
1346 110110110010010
1347 110110110010011
1348 110110110010011
1349 110110110010110
1350 110110110010110
1351 110110110010111
1352 110110110010111
1353 110110110011010
1354 110110110011010
1355 110110110011011
1356 110110110011011
1357 110110110011110
1358 110110110011110
1359 110110110011111
1360 110110110011111
1361 110110110110010
1362 110110110110010
1363 110110110110011
1364 110110110110011
1365 110110110110110
1366 110110110110110
1367 110110110110111
1368 110110110110111
1369 110110110111010
1370 110110110111010
1371 110110110111011
1372 110110110111011
1373 110110110111110
1374 110110110111110
1375 110110110111111
1376 110110110111111
1377 110110111010010
1378 110110111010010
1379 110110111010011
1380 110110111010011
1381 110110111010110
1382 110110111010110
1383 110110111010111
1384 110110111010111
1385 110110111011010
1386 110110111011010
1387 110110111011011
1388 110110111011011
1389 110110111011110
1390 110110111011110
1391 110110111011111
1392 110110111011111
1393 110110111110010
1394 110110111110010
1395 110110111110011
1396 110110111110011
1397 110110111110110
1398 110110111110110
1399 110110111110111
1400 110110111110111
1401 110110111111010
1402 110110111111010
1403 110110111111011
1404 110110111111011
1405 110110111111110
1406 110110111111110
1407 110110111111111
1408 110110111111111
1409 110111010010010
1410 110111010010010
1411 110111010010011
1412 110111010010011
1413 110111010010110
1414 110111010010110
1415 110111010010111
1416 110111010010111
1417 110111010011010
1418 110111010011010
1419 110111010011011
1420 110111010011011
1421 110111010011110
1422 110111010011110
1423 110111010011111
1424 110111010011111
1425 110111010110010
1426 110111010110010
1427 110111010110011
1428 110111010110011
1429 110111010110110
1430 110111010110110
1431 110111010110111
1432 110111010110111
1433 110111010111010
1434 110111010111010
1435 110111010111011
1436 110111010111011
1437 110111010111110
1438 110111010111110
1439 110111010111111
1440 110111010111111
1441 110111011010010
1442 110111011010010
1443 110111011010011
1444 110111011010011
1445 110111011010110
1446 110111011010110
1447 110111011010111
1448 110111011010111
1449 110111011011010
1450 110111011011010
1451 110111011011011
1452 110111011011011
1453 110111011011110
1454 110111011011110
1455 110111011011111
1456 110111011011111
1457 110111011110010
1458 110111011110010
1459 110111011110011
1460 110111011110011
1461 110111011110110
1462 110111011110110
1463 110111011110111
1464 110111011110111
1465 110111011111010
1466 110111011111010
1467 110111011111011
1468 110111011111011
1469 110111011111110
1470 110111011111110
1471 110111011111111
1472 110111011111111
1473 110111110010010
1474 110111110010010
1475 110111110010011
1476 110111110010011
1477 110111110010110
1478 110111110010110
1479 110111110010111
1480 110111110010111
1481 110111110011010
1482 110111110011010
1483 110111110011011
1484 110111110011011
1485 110111110011110
1486 110111110011110
1487 110111110011111
1488 110111110011111
1489 110111110110010
1490 110111110110010
1491 110111110110011
1492 110111110110011
1493 110111110110110
1494 110111110110110
1495 110111110110111
1496 110111110110111
1497 110111110111010
1498 110111110111010
1499 110111110111011
1500 110111110111011
1501 110111110111110
1502 110111110111110
1503 110111110111111
1504 110111110111111
1505 110111111010010
1506 110111111010010
1507 110111111010011
1508 110111111010011
1509 110111111010110
1510 110111111010110
1511 110111111010111
1512 110111111010111
1513 110111111011010
1514 110111111011010
1515 110111111011011
1516 110111111011011
1517 110111111011110
1518 110111111011110
1519 110111111011111
1520 110111111011111
1521 110111111110010
1522 110111111110010
1523 110111111110011
1524 110111111110011
1525 110111111110110
1526 110111111110110
1527 110111111110111
1528 110111111110111
1529 110111111111010
1530 110111111111010
1531 110111111111011
1532 110111111111011
1533 110111111111110
1534 110111111111110
1535 110111111111111
1536 110111111111111
1537 111010010010010
1538 111010010010010
1539 111010010010011
1540 111010010010011
1541 111010010010110
1542 111010010010110
1543 111010010010111
1544 111010010010111
1545 111010010011010
1546 111010010011010
1547 111010010011011
1548 111010010011011
1549 111010010011110
1550 111010010011110
1551 111010010011111
1552 111010010011111
1553 111010010110010
1554 111010010110010
1555 111010010110011
1556 111010010110011
1557 111010010110110
1558 111010010110110
1559 111010010110111
1560 111010010110111
1561 111010010111010
1562 111010010111010
1563 111010010111011
1564 111010010111011
1565 111010010111110
1566 111010010111110
1567 111010010111111
1568 111010010111111
1569 111010011010010
1570 111010011010010
1571 111010011010011
1572 111010011010011
1573 111010011010110
1574 111010011010110
1575 111010011010111
1576 111010011010111
1577 111010011011010
1578 111010011011010
1579 111010011011011
1580 111010011011011
1581 111010011011110
1582 111010011011110
1583 111010011011111
1584 111010011011111
1585 111010011110010
1586 111010011110010
1587 111010011110011
1588 111010011110011
1589 111010011110110
1590 111010011110110
1591 111010011110111
1592 111010011110111
1593 111010011111010
1594 111010011111010
1595 111010011111011
1596 111010011111011
1597 111010011111110
1598 111010011111110
1599 111010011111111
1600 111010011111111
1601 111010110010010
1602 111010110010010
1603 111010110010011
1604 111010110010011
1605 111010110010110
1606 111010110010110
1607 111010110010111
1608 111010110010111
1609 111010110011010
1610 111010110011010
1611 111010110011011
1612 111010110011011
1613 111010110011110
1614 111010110011110
1615 111010110011111
1616 111010110011111
1617 111010110110010
1618 111010110110010
1619 111010110110011
1620 111010110110011
1621 111010110110110
1622 111010110110110
1623 111010110110111
1624 111010110110111
1625 111010110111010
1626 111010110111010
1627 111010110111011
1628 111010110111011
1629 111010110111110
1630 111010110111110
1631 111010110111111
1632 111010110111111
1633 111010111010010
1634 111010111010010
1635 111010111010011
1636 111010111010011
1637 111010111010110
1638 111010111010110
1639 111010111010111
1640 111010111010111
1641 111010111011010
1642 111010111011010
1643 111010111011011
1644 111010111011011
1645 111010111011110
1646 111010111011110
1647 111010111011111
1648 111010111011111
1649 111010111110010
1650 111010111110010
1651 111010111110011
1652 111010111110011
1653 111010111110110
1654 111010111110110
1655 111010111110111
1656 111010111110111
1657 111010111111010
1658 111010111111010
1659 111010111111011
1660 111010111111011
1661 111010111111110
1662 111010111111110
1663 111010111111111
1664 111010111111111
1665 111011010010010
1666 111011010010010
1667 111011010010011
1668 111011010010011
1669 111011010010110
1670 111011010010110
1671 111011010010111
1672 111011010010111
1673 111011010011010
1674 111011010011010
1675 111011010011011
1676 111011010011011
1677 111011010011110
1678 111011010011110
1679 111011010011111
1680 111011010011111
1681 111011010110010
1682 111011010110010
1683 111011010110011
1684 111011010110011
1685 111011010110110
1686 111011010110110
1687 111011010110111
1688 111011010110111
1689 111011010111010
1690 111011010111010
1691 111011010111011
1692 111011010111011
1693 111011010111110
1694 111011010111110
1695 111011010111111
1696 111011010111111
1697 111011011010010
1698 111011011010010
1699 111011011010011
1700 111011011010011
1701 111011011010110
1702 111011011010110
1703 111011011010111
1704 111011011010111
1705 111011011011010
1706 111011011011010
1707 111011011011011
1708 111011011011011
1709 111011011011110
1710 111011011011110
1711 111011011011111
1712 111011011011111
1713 111011011110010
1714 111011011110010
1715 111011011110011
1716 111011011110011
1717 111011011110110
1718 111011011110110
1719 111011011110111
1720 111011011110111
1721 111011011111010
1722 111011011111010
1723 111011011111011
1724 111011011111011
1725 111011011111110
1726 111011011111110
1727 111011011111111
1728 111011011111111
1729 111011110010010
1730 111011110010010
1731 111011110010011
1732 111011110010011
1733 111011110010110
1734 111011110010110
1735 111011110010111
1736 111011110010111
1737 111011110011010
1738 111011110011010
1739 111011110011011
1740 111011110011011
1741 111011110011110
1742 111011110011110
1743 111011110011111
1744 111011110011111
1745 111011110110010
1746 111011110110010
1747 111011110110011
1748 111011110110011
1749 111011110110110
1750 111011110110110
1751 111011110110111
1752 111011110110111
1753 111011110111010
1754 111011110111010
1755 111011110111011
1756 111011110111011
1757 111011110111110
1758 111011110111110
1759 111011110111111
1760 111011110111111
1761 111011111010010
1762 111011111010010
1763 111011111010011
1764 111011111010011
1765 111011111010110
1766 111011111010110
1767 111011111010111
1768 111011111010111
1769 111011111011010
1770 111011111011010
1771 111011111011011
1772 111011111011011
1773 111011111011110
1774 111011111011110
1775 111011111011111
1776 111011111011111
1777 111011111110010
1778 111011111110010
1779 111011111110011
1780 111011111110011
1781 111011111110110
1782 111011111110110
1783 111011111110111
1784 111011111110111
1785 111011111111010
1786 111011111111010
1787 111011111111011
1788 111011111111011
1789 111011111111110
1790 111011111111110
1791 111011111111111
1792 111011111111111
1793 111110010010010
1794 111110010010010
1795 111110010010011
1796 111110010010011
1797 111110010010110
1798 111110010010110
1799 111110010010111
1800 111110010010111
1801 111110010011010
1802 111110010011010
1803 111110010011011
1804 111110010011011
1805 111110010011110
1806 111110010011110
1807 111110010011111
1808 111110010011111
1809 111110010110010
1810 111110010110010
1811 111110010110011
1812 111110010110011
1813 111110010110110
1814 111110010110110
1815 111110010110111
1816 111110010110111
1817 111110010111010
1818 111110010111010
1819 111110010111011
1820 111110010111011
1821 111110010111110
1822 111110010111110
1823 111110010111111
1824 111110010111111
1825 111110011010010
1826 111110011010010
1827 111110011010011
1828 111110011010011
1829 111110011010110
1830 111110011010110
1831 111110011010111
1832 111110011010111
1833 111110011011010
1834 111110011011010
1835 111110011011011
1836 111110011011011
1837 111110011011110
1838 111110011011110
1839 111110011011111
1840 111110011011111
1841 111110011110010
1842 111110011110010
1843 111110011110011
1844 111110011110011
1845 111110011110110
1846 111110011110110
1847 111110011110111
1848 111110011110111
1849 111110011111010
1850 111110011111010
1851 111110011111011
1852 111110011111011
1853 111110011111110
1854 111110011111110
1855 111110011111111
1856 111110011111111
1857 111110110010010
1858 111110110010010
1859 111110110010011
1860 111110110010011
1861 111110110010110
1862 111110110010110
1863 111110110010111
1864 111110110010111
1865 111110110011010
1866 111110110011010
1867 111110110011011
1868 111110110011011
1869 111110110011110
1870 111110110011110
1871 111110110011111
1872 111110110011111
1873 111110110110010
1874 111110110110010
1875 111110110110011
1876 111110110110011
1877 111110110110110
1878 111110110110110
1879 111110110110111
1880 111110110110111
1881 111110110111010
1882 111110110111010
1883 111110110111011
1884 111110110111011
1885 111110110111110
1886 111110110111110
1887 111110110111111
1888 111110110111111
1889 111110111010010
1890 111110111010010
1891 111110111010011
1892 111110111010011
1893 111110111010110
1894 111110111010110
1895 111110111010111
1896 111110111010111
1897 111110111011010
1898 111110111011010
1899 111110111011011
1900 111110111011011
1901 111110111011110
1902 111110111011110
1903 111110111011111
1904 111110111011111
1905 111110111110010
1906 111110111110010
1907 111110111110011
1908 111110111110011
1909 111110111110110
1910 111110111110110
1911 111110111110111
1912 111110111110111
1913 111110111111010
1914 111110111111010
1915 111110111111011
1916 111110111111011
1917 111110111111110
1918 111110111111110
1919 111110111111111
1920 111110111111111
1921 111111010010010
1922 111111010010010
1923 111111010010011
1924 111111010010011
1925 111111010010110
1926 111111010010110
1927 111111010010111
1928 111111010010111
1929 111111010011010
1930 111111010011010
1931 111111010011011
1932 111111010011011
1933 111111010011110
1934 111111010011110
1935 111111010011111
1936 111111010011111
1937 111111010110010
1938 111111010110010
1939 111111010110011
1940 111111010110011
1941 111111010110110
1942 111111010110110
1943 111111010110111
1944 111111010110111
1945 111111010111010
1946 111111010111010
1947 111111010111011
1948 111111010111011
1949 111111010111110
1950 111111010111110
1951 111111010111111
1952 111111010111111
1953 111111011010010
1954 111111011010010
1955 111111011010011
1956 111111011010011
1957 111111011010110
1958 111111011010110
1959 111111011010111
1960 111111011010111
1961 111111011011010
1962 111111011011010
1963 111111011011011
1964 111111011011011
1965 111111011011110
1966 111111011011110
1967 111111011011111
1968 111111011011111
1969 111111011110010
1970 111111011110010
1971 111111011110011
1972 111111011110011
1973 111111011110110
1974 111111011110110
1975 111111011110111
1976 111111011110111
1977 111111011111010
1978 111111011111010
1979 111111011111011
1980 111111011111011
1981 111111011111110
1982 111111011111110
1983 111111011111111
1984 111111011111111
1985 111111110010010
1986 111111110010010
1987 111111110010011
1988 111111110010011
1989 111111110010110
1990 111111110010110
1991 111111110010111
1992 111111110010111
1993 111111110011010
1994 111111110011010
1995 111111110011011
1996 111111110011011
1997 111111110011110
1998 111111110011110
1999 111111110011111
2000 111111110011111
2001 111111110110010
2002 111111110110010
2003 111111110110011
2004 111111110110011
2005 111111110110110
2006 111111110110110
2007 111111110110111
2008 111111110110111
2009 111111110111010
2010 111111110111010
2011 111111110111011
2012 111111110111011
2013 111111110111110
2014 111111110111110
2015 111111110111111
2016 111111110111111
2017 111111111010010
2018 111111111010010
2019 111111111010011
2020 111111111010011
2021 111111111010110
2022 111111111010110
2023 111111111010111
2024 111111111010111
2025 111111111011010
2026 111111111011010
2027 111111111011011
2028 111111111011011
2029 111111111011110
2030 111111111011110
2031 111111111011111
2032 111111111011111
2033 111111111110010
2034 111111111110010
2035 111111111110011
2036 111111111110011
2037 111111111110110
2038 111111111110110
2039 111111111110111
2040 111111111110111
2041 111111111111010
2042 111111111111010
2043 111111111111011
2044 111111111111011
2045 111111111111110
2046 111111111111110
2047 111111111111111
2048 111111111111111
