1 01001001001001000100100100100100
2 01001001001001000100100100100101
3 01001001001001000100100100100110
4 01001001001001000100100100100111
5 01001001001001000100100100101100
6 01001001001001000100100100101101
7 01001001001001000100100100101110
8 01001001001001000100100100101111
9 01001001001001000100100100110100
10 01001001001001000100100100110101
11 01001001001001000100100100110110
12 01001001001001000100100100110111
13 01001001001001000100100100111100
14 01001001001001000100100100111101
15 01001001001001000100100100111110
16 01001001001001000100100100111111
17 01001001001001000100100101100100
18 01001001001001000100100101100101
19 01001001001001000100100101100110
20 01001001001001000100100101100111
21 01001001001001000100100101101100
22 01001001001001000100100101101101
23 01001001001001000100100101101110
24 01001001001001000100100101101111
25 01001001001001000100100101110100
26 01001001001001000100100101110101
27 01001001001001000100100101110110
28 01001001001001000100100101110111
29 01001001001001000100100101111100
30 01001001001001000100100101111101
31 01001001001001000100100101111110
32 01001001001001000100100101111111
33 01001001001001000100100110100100
34 01001001001001000100100110100101
35 01001001001001000100100110100110
36 01001001001001000100100110100111
37 01001001001001000100100110101100
38 01001001001001000100100110101101
39 01001001001001000100100110101110
40 01001001001001000100100110101111
41 01001001001001000100100110110100
42 01001001001001000100100110110101
43 01001001001001000100100110110110
44 01001001001001000100100110110111
45 01001001001001000100100110111100
46 01001001001001000100100110111101
47 01001001001001000100100110111110
48 01001001001001000100100110111111
49 01001001001001000100100111100100
50 01001001001001000100100111100101
51 01001001001001000100100111100110
52 01001001001001000100100111100111
53 01001001001001000100100111101100
54 01001001001001000100100111101101
55 01001001001001000100100111101110
56 01001001001001000100100111101111
57 01001001001001000100100111110100
58 01001001001001000100100111110101
59 01001001001001000100100111110110
60 01001001001001000100100111110111
61 01001001001001000100100111111100
62 01001001001001000100100111111101
63 01001001001001000100100111111110
64 01001001001001000100100111111111
65 01001001001001000100101100100100
66 01001001001001000100101100100101
67 01001001001001000100101100100110
68 01001001001001000100101100100111
69 01001001001001000100101100101100
70 01001001001001000100101100101101
71 01001001001001000100101100101110
72 01001001001001000100101100101111
73 01001001001001000100101100110100
74 01001001001001000100101100110101
75 01001001001001000100101100110110
76 01001001001001000100101100110111
77 01001001001001000100101100111100
78 01001001001001000100101100111101
79 01001001001001000100101100111110
80 01001001001001000100101100111111
81 01001001001001000100101101100100
82 01001001001001000100101101100101
83 01001001001001000100101101100110
84 01001001001001000100101101100111
85 01001001001001000100101101101100
86 01001001001001000100101101101101
87 01001001001001000100101101101110
88 01001001001001000100101101101111
89 01001001001001000100101101110100
90 01001001001001000100101101110101
91 01001001001001000100101101110110
92 01001001001001000100101101110111
93 01001001001001000100101101111100
94 01001001001001000100101101111101
95 01001001001001000100101101111110
96 01001001001001000100101101111111
97 01001001001001000100101110100100
98 01001001001001000100101110100101
99 01001001001001000100101110100110
100 01001001001001000100101110100111
101 01001001001001000100101110101100
102 01001001001001000100101110101101
103 01001001001001000100101110101110
104 01001001001001000100101110101111
105 01001001001001000100101110110100
106 01001001001001000100101110110101
107 01001001001001000100101110110110
108 01001001001001000100101110110111
109 01001001001001000100101110111100
110 01001001001001000100101110111101
111 01001001001001000100101110111110
112 01001001001001000100101110111111
113 01001001001001000100101111100100
114 01001001001001000100101111100101
115 01001001001001000100101111100110
116 01001001001001000100101111100111
117 01001001001001000100101111101100
118 01001001001001000100101111101101
119 01001001001001000100101111101110
120 01001001001001000100101111101111
121 01001001001001000100101111110100
122 01001001001001000100101111110101
123 01001001001001000100101111110110
124 01001001001001000100101111110111
125 01001001001001000100101111111100
126 01001001001001000100101111111101
127 01001001001001000100101111111110
128 01001001001001000100101111111111
129 01001001001001000100110100100100
130 01001001001001000100110100100101
131 01001001001001000100110100100110
132 01001001001001000100110100100111
133 01001001001001000100110100101100
134 01001001001001000100110100101101
135 01001001001001000100110100101110
136 01001001001001000100110100101111
137 01001001001001000100110100110100
138 01001001001001000100110100110101
139 01001001001001000100110100110110
140 01001001001001000100110100110111
141 01001001001001000100110100111100
142 01001001001001000100110100111101
143 01001001001001000100110100111110
144 01001001001001000100110100111111
145 01001001001001000100110101100100
146 01001001001001000100110101100101
147 01001001001001000100110101100110
148 01001001001001000100110101100111
149 01001001001001000100110101101100
150 01001001001001000100110101101101
151 01001001001001000100110101101110
152 01001001001001000100110101101111
153 01001001001001000100110101110100
154 01001001001001000100110101110101
155 01001001001001000100110101110110
156 01001001001001000100110101110111
157 01001001001001000100110101111100
158 01001001001001000100110101111101
159 01001001001001000100110101111110
160 01001001001001000100110101111111
161 01001001001001000100110110100100
162 01001001001001000100110110100101
163 01001001001001000100110110100110
164 01001001001001000100110110100111
165 01001001001001000100110110101100
166 01001001001001000100110110101101
167 01001001001001000100110110101110
168 01001001001001000100110110101111
169 01001001001001000100110110110100
170 01001001001001000100110110110101
171 01001001001001000100110110110110
172 01001001001001000100110110110111
173 01001001001001000100110110111100
174 01001001001001000100110110111101
175 01001001001001000100110110111110
176 01001001001001000100110110111111
177 01001001001001000100110111100100
178 01001001001001000100110111100101
179 01001001001001000100110111100110
180 01001001001001000100110111100111
181 01001001001001000100110111101100
182 01001001001001000100110111101101
183 01001001001001000100110111101110
184 01001001001001000100110111101111
185 01001001001001000100110111110100
186 01001001001001000100110111110101
187 01001001001001000100110111110110
188 01001001001001000100110111110111
189 01001001001001000100110111111100
190 01001001001001000100110111111101
191 01001001001001000100110111111110
192 01001001001001000100110111111111
193 01001001001001000100111100100100
194 01001001001001000100111100100101
195 01001001001001000100111100100110
196 01001001001001000100111100100111
197 01001001001001000100111100101100
198 01001001001001000100111100101101
199 01001001001001000100111100101110
200 01001001001001000100111100101111
201 01001001001001000100111100110100
202 01001001001001000100111100110101
203 01001001001001000100111100110110
204 01001001001001000100111100110111
205 01001001001001000100111100111100
206 01001001001001000100111100111101
207 01001001001001000100111100111110
208 01001001001001000100111100111111
209 01001001001001000100111101100100
210 01001001001001000100111101100101
211 01001001001001000100111101100110
212 01001001001001000100111101100111
213 01001001001001000100111101101100
214 01001001001001000100111101101101
215 01001001001001000100111101101110
216 01001001001001000100111101101111
217 01001001001001000100111101110100
218 01001001001001000100111101110101
219 01001001001001000100111101110110
220 01001001001001000100111101110111
221 01001001001001000100111101111100
222 01001001001001000100111101111101
223 01001001001001000100111101111110
224 01001001001001000100111101111111
225 01001001001001000100111110100100
226 01001001001001000100111110100101
227 01001001001001000100111110100110
228 01001001001001000100111110100111
229 01001001001001000100111110101100
230 01001001001001000100111110101101
231 01001001001001000100111110101110
232 01001001001001000100111110101111
233 01001001001001000100111110110100
234 01001001001001000100111110110101
235 01001001001001000100111110110110
236 01001001001001000100111110110111
237 01001001001001000100111110111100
238 01001001001001000100111110111101
239 01001001001001000100111110111110
240 01001001001001000100111110111111
241 01001001001001000100111111100100
242 01001001001001000100111111100101
243 01001001001001000100111111100110
244 01001001001001000100111111100111
245 01001001001001000100111111101100
246 01001001001001000100111111101101
247 01001001001001000100111111101110
248 01001001001001000100111111101111
249 01001001001001000100111111110100
250 01001001001001000100111111110101
251 01001001001001000100111111110110
252 01001001001001000100111111110111
253 01001001001001000100111111111100
254 01001001001001000100111111111101
255 01001001001001000100111111111110
256 01001001001001000100111111111111
257 01001001001001000101100100100100
258 01001001001001000101100100100101
259 01001001001001000101100100100110
260 01001001001001000101100100100111
261 01001001001001000101100100101100
262 01001001001001000101100100101101
263 01001001001001000101100100101110
264 01001001001001000101100100101111
265 01001001001001000101100100110100
266 01001001001001000101100100110101
267 01001001001001000101100100110110
268 01001001001001000101100100110111
269 01001001001001000101100100111100
270 01001001001001000101100100111101
271 01001001001001000101100100111110
272 01001001001001000101100100111111
273 01001001001001000101100101100100
274 01001001001001000101100101100101
275 01001001001001000101100101100110
276 01001001001001000101100101100111
277 01001001001001000101100101101100
278 01001001001001000101100101101101
279 01001001001001000101100101101110
280 01001001001001000101100101101111
281 01001001001001000101100101110100
282 01001001001001000101100101110101
283 01001001001001000101100101110110
284 01001001001001000101100101110111
285 01001001001001000101100101111100
286 01001001001001000101100101111101
287 01001001001001000101100101111110
288 01001001001001000101100101111111
289 01001001001001000101100110100100
290 01001001001001000101100110100101
291 01001001001001000101100110100110
292 01001001001001000101100110100111
293 01001001001001000101100110101100
294 01001001001001000101100110101101
295 01001001001001000101100110101110
296 01001001001001000101100110101111
297 01001001001001000101100110110100
298 01001001001001000101100110110101
299 01001001001001000101100110110110
300 01001001001001000101100110110111
301 01001001001001000101100110111100
302 01001001001001000101100110111101
303 01001001001001000101100110111110
304 01001001001001000101100110111111
305 01001001001001000101100111100100
306 01001001001001000101100111100101
307 01001001001001000101100111100110
308 01001001001001000101100111100111
309 01001001001001000101100111101100
310 01001001001001000101100111101101
311 01001001001001000101100111101110
312 01001001001001000101100111101111
313 01001001001001000101100111110100
314 01001001001001000101100111110101
315 01001001001001000101100111110110
316 01001001001001000101100111110111
317 01001001001001000101100111111100
318 01001001001001000101100111111101
319 01001001001001000101100111111110
320 01001001001001000101100111111111
321 01001001001001000101101100100100
322 01001001001001000101101100100101
323 01001001001001000101101100100110
324 01001001001001000101101100100111
325 01001001001001000101101100101100
326 01001001001001000101101100101101
327 01001001001001000101101100101110
328 01001001001001000101101100101111
329 01001001001001000101101100110100
330 01001001001001000101101100110101
331 01001001001001000101101100110110
332 01001001001001000101101100110111
333 01001001001001000101101100111100
334 01001001001001000101101100111101
335 01001001001001000101101100111110
336 01001001001001000101101100111111
337 01001001001001000101101101100100
338 01001001001001000101101101100101
339 01001001001001000101101101100110
340 01001001001001000101101101100111
341 01001001001001000101101101101100
342 01001001001001000101101101101101
343 01001001001001000101101101101110
344 01001001001001000101101101101111
345 01001001001001000101101101110100
346 01001001001001000101101101110101
347 01001001001001000101101101110110
348 01001001001001000101101101110111
349 01001001001001000101101101111100
350 01001001001001000101101101111101
351 01001001001001000101101101111110
352 01001001001001000101101101111111
353 01001001001001000101101110100100
354 01001001001001000101101110100101
355 01001001001001000101101110100110
356 01001001001001000101101110100111
357 01001001001001000101101110101100
358 01001001001001000101101110101101
359 01001001001001000101101110101110
360 01001001001001000101101110101111
361 01001001001001000101101110110100
362 01001001001001000101101110110101
363 01001001001001000101101110110110
364 01001001001001000101101110110111
365 01001001001001000101101110111100
366 01001001001001000101101110111101
367 01001001001001000101101110111110
368 01001001001001000101101110111111
369 01001001001001000101101111100100
370 01001001001001000101101111100101
371 01001001001001000101101111100110
372 01001001001001000101101111100111
373 01001001001001000101101111101100
374 01001001001001000101101111101101
375 01001001001001000101101111101110
376 01001001001001000101101111101111
377 01001001001001000101101111110100
378 01001001001001000101101111110101
379 01001001001001000101101111110110
380 01001001001001000101101111110111
381 01001001001001000101101111111100
382 01001001001001000101101111111101
383 01001001001001000101101111111110
384 01001001001001000101101111111111
385 01001001001001000101110100100100
386 01001001001001000101110100100101
387 01001001001001000101110100100110
388 01001001001001000101110100100111
389 01001001001001000101110100101100
390 01001001001001000101110100101101
391 01001001001001000101110100101110
392 01001001001001000101110100101111
393 01001001001001000101110100110100
394 01001001001001000101110100110101
395 01001001001001000101110100110110
396 01001001001001000101110100110111
397 01001001001001000101110100111100
398 01001001001001000101110100111101
399 01001001001001000101110100111110
400 01001001001001000101110100111111
401 01001001001001000101110101100100
402 01001001001001000101110101100101
403 01001001001001000101110101100110
404 01001001001001000101110101100111
405 01001001001001000101110101101100
406 01001001001001000101110101101101
407 01001001001001000101110101101110
408 01001001001001000101110101101111
409 01001001001001000101110101110100
410 01001001001001000101110101110101
411 01001001001001000101110101110110
412 01001001001001000101110101110111
413 01001001001001000101110101111100
414 01001001001001000101110101111101
415 01001001001001000101110101111110
416 01001001001001000101110101111111
417 01001001001001000101110110100100
418 01001001001001000101110110100101
419 01001001001001000101110110100110
420 01001001001001000101110110100111
421 01001001001001000101110110101100
422 01001001001001000101110110101101
423 01001001001001000101110110101110
424 01001001001001000101110110101111
425 01001001001001000101110110110100
426 01001001001001000101110110110101
427 01001001001001000101110110110110
428 01001001001001000101110110110111
429 01001001001001000101110110111100
430 01001001001001000101110110111101
431 01001001001001000101110110111110
432 01001001001001000101110110111111
433 01001001001001000101110111100100
434 01001001001001000101110111100101
435 01001001001001000101110111100110
436 01001001001001000101110111100111
437 01001001001001000101110111101100
438 01001001001001000101110111101101
439 01001001001001000101110111101110
440 01001001001001000101110111101111
441 01001001001001000101110111110100
442 01001001001001000101110111110101
443 01001001001001000101110111110110
444 01001001001001000101110111110111
445 01001001001001000101110111111100
446 01001001001001000101110111111101
447 01001001001001000101110111111110
448 01001001001001000101110111111111
449 01001001001001000101111100100100
450 01001001001001000101111100100101
451 01001001001001000101111100100110
452 01001001001001000101111100100111
453 01001001001001000101111100101100
454 01001001001001000101111100101101
455 01001001001001000101111100101110
456 01001001001001000101111100101111
457 01001001001001000101111100110100
458 01001001001001000101111100110101
459 01001001001001000101111100110110
460 01001001001001000101111100110111
461 01001001001001000101111100111100
462 01001001001001000101111100111101
463 01001001001001000101111100111110
464 01001001001001000101111100111111
465 01001001001001000101111101100100
466 01001001001001000101111101100101
467 01001001001001000101111101100110
468 01001001001001000101111101100111
469 01001001001001000101111101101100
470 01001001001001000101111101101101
471 01001001001001000101111101101110
472 01001001001001000101111101101111
473 01001001001001000101111101110100
474 01001001001001000101111101110101
475 01001001001001000101111101110110
476 01001001001001000101111101110111
477 01001001001001000101111101111100
478 01001001001001000101111101111101
479 01001001001001000101111101111110
480 01001001001001000101111101111111
481 01001001001001000101111110100100
482 01001001001001000101111110100101
483 01001001001001000101111110100110
484 01001001001001000101111110100111
485 01001001001001000101111110101100
486 01001001001001000101111110101101
487 01001001001001000101111110101110
488 01001001001001000101111110101111
489 01001001001001000101111110110100
490 01001001001001000101111110110101
491 01001001001001000101111110110110
492 01001001001001000101111110110111
493 01001001001001000101111110111100
494 01001001001001000101111110111101
495 01001001001001000101111110111110
496 01001001001001000101111110111111
497 01001001001001000101111111100100
498 01001001001001000101111111100101
499 01001001001001000101111111100110
500 01001001001001000101111111100111
501 01001001001001000101111111101100
502 01001001001001000101111111101101
503 01001001001001000101111111101110
504 01001001001001000101111111101111
505 01001001001001000101111111110100
506 01001001001001000101111111110101
507 01001001001001000101111111110110
508 01001001001001000101111111110111
509 01001001001001000101111111111100
510 01001001001001000101111111111101
511 01001001001001000101111111111110
512 01001001001001000101111111111111
513 01001001001001000110100100100100
514 01001001001001000110100100100101
515 01001001001001000110100100100110
516 01001001001001000110100100100111
517 01001001001001000110100100101100
518 01001001001001000110100100101101
519 01001001001001000110100100101110
520 01001001001001000110100100101111
521 01001001001001000110100100110100
522 01001001001001000110100100110101
523 01001001001001000110100100110110
524 01001001001001000110100100110111
525 01001001001001000110100100111100
526 01001001001001000110100100111101
527 01001001001001000110100100111110
528 01001001001001000110100100111111
529 01001001001001000110100101100100
530 01001001001001000110100101100101
531 01001001001001000110100101100110
532 01001001001001000110100101100111
533 01001001001001000110100101101100
534 01001001001001000110100101101101
535 01001001001001000110100101101110
536 01001001001001000110100101101111
537 01001001001001000110100101110100
538 01001001001001000110100101110101
539 01001001001001000110100101110110
540 01001001001001000110100101110111
541 01001001001001000110100101111100
542 01001001001001000110100101111101
543 01001001001001000110100101111110
544 01001001001001000110100101111111
545 01001001001001000110100110100100
546 01001001001001000110100110100101
547 01001001001001000110100110100110
548 01001001001001000110100110100111
549 01001001001001000110100110101100
550 01001001001001000110100110101101
551 01001001001001000110100110101110
552 01001001001001000110100110101111
553 01001001001001000110100110110100
554 01001001001001000110100110110101
555 01001001001001000110100110110110
556 01001001001001000110100110110111
557 01001001001001000110100110111100
558 01001001001001000110100110111101
559 01001001001001000110100110111110
560 01001001001001000110100110111111
561 01001001001001000110100111100100
562 01001001001001000110100111100101
563 01001001001001000110100111100110
564 01001001001001000110100111100111
565 01001001001001000110100111101100
566 01001001001001000110100111101101
567 01001001001001000110100111101110
568 01001001001001000110100111101111
569 01001001001001000110100111110100
570 01001001001001000110100111110101
571 01001001001001000110100111110110
572 01001001001001000110100111110111
573 01001001001001000110100111111100
574 01001001001001000110100111111101
575 01001001001001000110100111111110
576 01001001001001000110100111111111
577 01001001001001000110101100100100
578 01001001001001000110101100100101
579 01001001001001000110101100100110
580 01001001001001000110101100100111
581 01001001001001000110101100101100
582 01001001001001000110101100101101
583 01001001001001000110101100101110
584 01001001001001000110101100101111
585 01001001001001000110101100110100
586 01001001001001000110101100110101
587 01001001001001000110101100110110
588 01001001001001000110101100110111
589 01001001001001000110101100111100
590 01001001001001000110101100111101
591 01001001001001000110101100111110
592 01001001001001000110101100111111
593 01001001001001000110101101100100
594 01001001001001000110101101100101
595 01001001001001000110101101100110
596 01001001001001000110101101100111
597 01001001001001000110101101101100
598 01001001001001000110101101101101
599 01001001001001000110101101101110
600 01001001001001000110101101101111
601 01001001001001000110101101110100
602 01001001001001000110101101110101
603 01001001001001000110101101110110
604 01001001001001000110101101110111
605 01001001001001000110101101111100
606 01001001001001000110101101111101
607 01001001001001000110101101111110
608 01001001001001000110101101111111
609 01001001001001000110101110100100
610 01001001001001000110101110100101
611 01001001001001000110101110100110
612 01001001001001000110101110100111
613 01001001001001000110101110101100
614 01001001001001000110101110101101
615 01001001001001000110101110101110
616 01001001001001000110101110101111
617 01001001001001000110101110110100
618 01001001001001000110101110110101
619 01001001001001000110101110110110
620 01001001001001000110101110110111
621 01001001001001000110101110111100
622 01001001001001000110101110111101
623 01001001001001000110101110111110
624 01001001001001000110101110111111
625 01001001001001000110101111100100
626 01001001001001000110101111100101
627 01001001001001000110101111100110
628 01001001001001000110101111100111
629 01001001001001000110101111101100
630 01001001001001000110101111101101
631 01001001001001000110101111101110
632 01001001001001000110101111101111
633 01001001001001000110101111110100
634 01001001001001000110101111110101
635 01001001001001000110101111110110
636 01001001001001000110101111110111
637 01001001001001000110101111111100
638 01001001001001000110101111111101
639 01001001001001000110101111111110
640 01001001001001000110101111111111
641 01001001001001000110110100100100
642 01001001001001000110110100100101
643 01001001001001000110110100100110
644 01001001001001000110110100100111
645 01001001001001000110110100101100
646 01001001001001000110110100101101
647 01001001001001000110110100101110
648 01001001001001000110110100101111
649 01001001001001000110110100110100
650 01001001001001000110110100110101
651 01001001001001000110110100110110
652 01001001001001000110110100110111
653 01001001001001000110110100111100
654 01001001001001000110110100111101
655 01001001001001000110110100111110
656 01001001001001000110110100111111
657 01001001001001000110110101100100
658 01001001001001000110110101100101
659 01001001001001000110110101100110
660 01001001001001000110110101100111
661 01001001001001000110110101101100
662 01001001001001000110110101101101
663 01001001001001000110110101101110
664 01001001001001000110110101101111
665 01001001001001000110110101110100
666 01001001001001000110110101110101
667 01001001001001000110110101110110
668 01001001001001000110110101110111
669 01001001001001000110110101111100
670 01001001001001000110110101111101
671 01001001001001000110110101111110
672 01001001001001000110110101111111
673 01001001001001000110110110100100
674 01001001001001000110110110100101
675 01001001001001000110110110100110
676 01001001001001000110110110100111
677 01001001001001000110110110101100
678 01001001001001000110110110101101
679 01001001001001000110110110101110
680 01001001001001000110110110101111
681 01001001001001000110110110110100
682 01001001001001000110110110110101
683 01001001001001000110110110110110
684 01001001001001000110110110110111
685 01001001001001000110110110111100
686 01001001001001000110110110111101
687 01001001001001000110110110111110
688 01001001001001000110110110111111
689 01001001001001000110110111100100
690 01001001001001000110110111100101
691 01001001001001000110110111100110
692 01001001001001000110110111100111
693 01001001001001000110110111101100
694 01001001001001000110110111101101
695 01001001001001000110110111101110
696 01001001001001000110110111101111
697 01001001001001000110110111110100
698 01001001001001000110110111110101
699 01001001001001000110110111110110
700 01001001001001000110110111110111
701 01001001001001000110110111111100
702 01001001001001000110110111111101
703 01001001001001000110110111111110
704 01001001001001000110110111111111
705 01001001001001000110111100100100
706 01001001001001000110111100100101
707 01001001001001000110111100100110
708 01001001001001000110111100100111
709 01001001001001000110111100101100
710 01001001001001000110111100101101
711 01001001001001000110111100101110
712 01001001001001000110111100101111
713 01001001001001000110111100110100
714 01001001001001000110111100110101
715 01001001001001000110111100110110
716 01001001001001000110111100110111
717 01001001001001000110111100111100
718 01001001001001000110111100111101
719 01001001001001000110111100111110
720 01001001001001000110111100111111
721 01001001001001000110111101100100
722 01001001001001000110111101100101
723 01001001001001000110111101100110
724 01001001001001000110111101100111
725 01001001001001000110111101101100
726 01001001001001000110111101101101
727 01001001001001000110111101101110
728 01001001001001000110111101101111
729 01001001001001000110111101110100
730 01001001001001000110111101110101
731 01001001001001000110111101110110
732 01001001001001000110111101110111
733 01001001001001000110111101111100
734 01001001001001000110111101111101
735 01001001001001000110111101111110
736 01001001001001000110111101111111
737 01001001001001000110111110100100
738 01001001001001000110111110100101
739 01001001001001000110111110100110
740 01001001001001000110111110100111
741 01001001001001000110111110101100
742 01001001001001000110111110101101
743 01001001001001000110111110101110
744 01001001001001000110111110101111
745 01001001001001000110111110110100
746 01001001001001000110111110110101
747 01001001001001000110111110110110
748 01001001001001000110111110110111
749 01001001001001000110111110111100
750 01001001001001000110111110111101
751 01001001001001000110111110111110
752 01001001001001000110111110111111
753 01001001001001000110111111100100
754 01001001001001000110111111100101
755 01001001001001000110111111100110
756 01001001001001000110111111100111
757 01001001001001000110111111101100
758 01001001001001000110111111101101
759 01001001001001000110111111101110
760 01001001001001000110111111101111
761 01001001001001000110111111110100
762 01001001001001000110111111110101
763 01001001001001000110111111110110
764 01001001001001000110111111110111
765 01001001001001000110111111111100
766 01001001001001000110111111111101
767 01001001001001000110111111111110
768 01001001001001000110111111111111
769 01001001001001000111100100100100
770 01001001001001000111100100100101
771 01001001001001000111100100100110
772 01001001001001000111100100100111
773 01001001001001000111100100101100
774 01001001001001000111100100101101
775 01001001001001000111100100101110
776 01001001001001000111100100101111
777 01001001001001000111100100110100
778 01001001001001000111100100110101
779 01001001001001000111100100110110
780 01001001001001000111100100110111
781 01001001001001000111100100111100
782 01001001001001000111100100111101
783 01001001001001000111100100111110
784 01001001001001000111100100111111
785 01001001001001000111100101100100
786 01001001001001000111100101100101
787 01001001001001000111100101100110
788 01001001001001000111100101100111
789 01001001001001000111100101101100
790 01001001001001000111100101101101
791 01001001001001000111100101101110
792 01001001001001000111100101101111
793 01001001001001000111100101110100
794 01001001001001000111100101110101
795 01001001001001000111100101110110
796 01001001001001000111100101110111
797 01001001001001000111100101111100
798 01001001001001000111100101111101
799 01001001001001000111100101111110
800 01001001001001000111100101111111
801 01001001001001000111100110100100
802 01001001001001000111100110100101
803 01001001001001000111100110100110
804 01001001001001000111100110100111
805 01001001001001000111100110101100
806 01001001001001000111100110101101
807 01001001001001000111100110101110
808 01001001001001000111100110101111
809 01001001001001000111100110110100
810 01001001001001000111100110110101
811 01001001001001000111100110110110
812 01001001001001000111100110110111
813 01001001001001000111100110111100
814 01001001001001000111100110111101
815 01001001001001000111100110111110
816 01001001001001000111100110111111
817 01001001001001000111100111100100
818 01001001001001000111100111100101
819 01001001001001000111100111100110
820 01001001001001000111100111100111
821 01001001001001000111100111101100
822 01001001001001000111100111101101
823 01001001001001000111100111101110
824 01001001001001000111100111101111
825 01001001001001000111100111110100
826 01001001001001000111100111110101
827 01001001001001000111100111110110
828 01001001001001000111100111110111
829 01001001001001000111100111111100
830 01001001001001000111100111111101
831 01001001001001000111100111111110
832 01001001001001000111100111111111
833 01001001001001000111101100100100
834 01001001001001000111101100100101
835 01001001001001000111101100100110
836 01001001001001000111101100100111
837 01001001001001000111101100101100
838 01001001001001000111101100101101
839 01001001001001000111101100101110
840 01001001001001000111101100101111
841 01001001001001000111101100110100
842 01001001001001000111101100110101
843 01001001001001000111101100110110
844 01001001001001000111101100110111
845 01001001001001000111101100111100
846 01001001001001000111101100111101
847 01001001001001000111101100111110
848 01001001001001000111101100111111
849 01001001001001000111101101100100
850 01001001001001000111101101100101
851 01001001001001000111101101100110
852 01001001001001000111101101100111
853 01001001001001000111101101101100
854 01001001001001000111101101101101
855 01001001001001000111101101101110
856 01001001001001000111101101101111
857 01001001001001000111101101110100
858 01001001001001000111101101110101
859 01001001001001000111101101110110
860 01001001001001000111101101110111
861 01001001001001000111101101111100
862 01001001001001000111101101111101
863 01001001001001000111101101111110
864 01001001001001000111101101111111
865 01001001001001000111101110100100
866 01001001001001000111101110100101
867 01001001001001000111101110100110
868 01001001001001000111101110100111
869 01001001001001000111101110101100
870 01001001001001000111101110101101
871 01001001001001000111101110101110
872 01001001001001000111101110101111
873 01001001001001000111101110110100
874 01001001001001000111101110110101
875 01001001001001000111101110110110
876 01001001001001000111101110110111
877 01001001001001000111101110111100
878 01001001001001000111101110111101
879 01001001001001000111101110111110
880 01001001001001000111101110111111
881 01001001001001000111101111100100
882 01001001001001000111101111100101
883 01001001001001000111101111100110
884 01001001001001000111101111100111
885 01001001001001000111101111101100
886 01001001001001000111101111101101
887 01001001001001000111101111101110
888 01001001001001000111101111101111
889 01001001001001000111101111110100
890 01001001001001000111101111110101
891 01001001001001000111101111110110
892 01001001001001000111101111110111
893 01001001001001000111101111111100
894 01001001001001000111101111111101
895 01001001001001000111101111111110
896 01001001001001000111101111111111
897 01001001001001000111110100100100
898 01001001001001000111110100100101
899 01001001001001000111110100100110
900 01001001001001000111110100100111
901 01001001001001000111110100101100
902 01001001001001000111110100101101
903 01001001001001000111110100101110
904 01001001001001000111110100101111
905 01001001001001000111110100110100
906 01001001001001000111110100110101
907 01001001001001000111110100110110
908 01001001001001000111110100110111
909 01001001001001000111110100111100
910 01001001001001000111110100111101
911 01001001001001000111110100111110
912 01001001001001000111110100111111
913 01001001001001000111110101100100
914 01001001001001000111110101100101
915 01001001001001000111110101100110
916 01001001001001000111110101100111
917 01001001001001000111110101101100
918 01001001001001000111110101101101
919 01001001001001000111110101101110
920 01001001001001000111110101101111
921 01001001001001000111110101110100
922 01001001001001000111110101110101
923 01001001001001000111110101110110
924 01001001001001000111110101110111
925 01001001001001000111110101111100
926 01001001001001000111110101111101
927 01001001001001000111110101111110
928 01001001001001000111110101111111
929 01001001001001000111110110100100
930 01001001001001000111110110100101
931 01001001001001000111110110100110
932 01001001001001000111110110100111
933 01001001001001000111110110101100
934 01001001001001000111110110101101
935 01001001001001000111110110101110
936 01001001001001000111110110101111
937 01001001001001000111110110110100
938 01001001001001000111110110110101
939 01001001001001000111110110110110
940 01001001001001000111110110110111
941 01001001001001000111110110111100
942 01001001001001000111110110111101
943 01001001001001000111110110111110
944 01001001001001000111110110111111
945 01001001001001000111110111100100
946 01001001001001000111110111100101
947 01001001001001000111110111100110
948 01001001001001000111110111100111
949 01001001001001000111110111101100
950 01001001001001000111110111101101
951 01001001001001000111110111101110
952 01001001001001000111110111101111
953 01001001001001000111110111110100
954 01001001001001000111110111110101
955 01001001001001000111110111110110
956 01001001001001000111110111110111
957 01001001001001000111110111111100
958 01001001001001000111110111111101
959 01001001001001000111110111111110
960 01001001001001000111110111111111
961 01001001001001000111111100100100
962 01001001001001000111111100100101
963 01001001001001000111111100100110
964 01001001001001000111111100100111
965 01001001001001000111111100101100
966 01001001001001000111111100101101
967 01001001001001000111111100101110
968 01001001001001000111111100101111
969 01001001001001000111111100110100
970 01001001001001000111111100110101
971 01001001001001000111111100110110
972 01001001001001000111111100110111
973 01001001001001000111111100111100
974 01001001001001000111111100111101
975 01001001001001000111111100111110
976 01001001001001000111111100111111
977 01001001001001000111111101100100
978 01001001001001000111111101100101
979 01001001001001000111111101100110
980 01001001001001000111111101100111
981 01001001001001000111111101101100
982 01001001001001000111111101101101
983 01001001001001000111111101101110
984 01001001001001000111111101101111
985 01001001001001000111111101110100
986 01001001001001000111111101110101
987 01001001001001000111111101110110
988 01001001001001000111111101110111
989 01001001001001000111111101111100
990 01001001001001000111111101111101
991 01001001001001000111111101111110
992 01001001001001000111111101111111
993 01001001001001000111111110100100
994 01001001001001000111111110100101
995 01001001001001000111111110100110
996 01001001001001000111111110100111
997 01001001001001000111111110101100
998 01001001001001000111111110101101
999 01001001001001000111111110101110
1000 01001001001001000111111110101111
1001 01001001001001000111111110110100
1002 01001001001001000111111110110101
1003 01001001001001000111111110110110
1004 01001001001001000111111110110111
1005 01001001001001000111111110111100
1006 01001001001001000111111110111101
1007 01001001001001000111111110111110
1008 01001001001001000111111110111111
1009 01001001001001000111111111100100
1010 01001001001001000111111111100101
1011 01001001001001000111111111100110
1012 01001001001001000111111111100111
1013 01001001001001000111111111101100
1014 01001001001001000111111111101101
1015 01001001001001000111111111101110
1016 01001001001001000111111111101111
1017 01001001001001000111111111110100
1018 01001001001001000111111111110101
1019 01001001001001000111111111110110
1020 01001001001001000111111111110111
1021 01001001001001000111111111111100
1022 01001001001001000111111111111101
1023 01001001001001000111111111111110
1024 01001001001001000111111111111111
1025 01001001001001001100100100100100
1026 01001001001001001100100100100101
1027 01001001001001001100100100100110
1028 01001001001001001100100100100111
1029 01001001001001001100100100101100
1030 01001001001001001100100100101101
1031 01001001001001001100100100101110
1032 01001001001001001100100100101111
1033 01001001001001001100100100110100
1034 01001001001001001100100100110101
1035 01001001001001001100100100110110
1036 01001001001001001100100100110111
1037 01001001001001001100100100111100
1038 01001001001001001100100100111101
1039 01001001001001001100100100111110
1040 01001001001001001100100100111111
1041 01001001001001001100100101100100
1042 01001001001001001100100101100101
1043 01001001001001001100100101100110
1044 01001001001001001100100101100111
1045 01001001001001001100100101101100
1046 01001001001001001100100101101101
1047 01001001001001001100100101101110
1048 01001001001001001100100101101111
1049 01001001001001001100100101110100
1050 01001001001001001100100101110101
1051 01001001001001001100100101110110
1052 01001001001001001100100101110111
1053 01001001001001001100100101111100
1054 01001001001001001100100101111101
1055 01001001001001001100100101111110
1056 01001001001001001100100101111111
1057 01001001001001001100100110100100
1058 01001001001001001100100110100101
1059 01001001001001001100100110100110
1060 01001001001001001100100110100111
1061 01001001001001001100100110101100
1062 01001001001001001100100110101101
1063 01001001001001001100100110101110
1064 01001001001001001100100110101111
1065 01001001001001001100100110110100
1066 01001001001001001100100110110101
1067 01001001001001001100100110110110
1068 01001001001001001100100110110111
1069 01001001001001001100100110111100
1070 01001001001001001100100110111101
1071 01001001001001001100100110111110
1072 01001001001001001100100110111111
1073 01001001001001001100100111100100
1074 01001001001001001100100111100101
1075 01001001001001001100100111100110
1076 01001001001001001100100111100111
1077 01001001001001001100100111101100
1078 01001001001001001100100111101101
1079 01001001001001001100100111101110
1080 01001001001001001100100111101111
1081 01001001001001001100100111110100
1082 01001001001001001100100111110101
1083 01001001001001001100100111110110
1084 01001001001001001100100111110111
1085 01001001001001001100100111111100
1086 01001001001001001100100111111101
1087 01001001001001001100100111111110
1088 01001001001001001100100111111111
1089 01001001001001001100101100100100
1090 01001001001001001100101100100101
1091 01001001001001001100101100100110
1092 01001001001001001100101100100111
1093 01001001001001001100101100101100
1094 01001001001001001100101100101101
1095 01001001001001001100101100101110
1096 01001001001001001100101100101111
1097 01001001001001001100101100110100
1098 01001001001001001100101100110101
1099 01001001001001001100101100110110
1100 01001001001001001100101100110111
1101 01001001001001001100101100111100
1102 01001001001001001100101100111101
1103 01001001001001001100101100111110
1104 01001001001001001100101100111111
1105 01001001001001001100101101100100
1106 01001001001001001100101101100101
1107 01001001001001001100101101100110
1108 01001001001001001100101101100111
1109 01001001001001001100101101101100
1110 01001001001001001100101101101101
1111 01001001001001001100101101101110
1112 01001001001001001100101101101111
1113 01001001001001001100101101110100
1114 01001001001001001100101101110101
1115 01001001001001001100101101110110
1116 01001001001001001100101101110111
1117 01001001001001001100101101111100
1118 01001001001001001100101101111101
1119 01001001001001001100101101111110
1120 01001001001001001100101101111111
1121 01001001001001001100101110100100
1122 01001001001001001100101110100101
1123 01001001001001001100101110100110
1124 01001001001001001100101110100111
1125 01001001001001001100101110101100
1126 01001001001001001100101110101101
1127 01001001001001001100101110101110
1128 01001001001001001100101110101111
1129 01001001001001001100101110110100
1130 01001001001001001100101110110101
1131 01001001001001001100101110110110
1132 01001001001001001100101110110111
1133 01001001001001001100101110111100
1134 01001001001001001100101110111101
1135 01001001001001001100101110111110
1136 01001001001001001100101110111111
1137 01001001001001001100101111100100
1138 01001001001001001100101111100101
1139 01001001001001001100101111100110
1140 01001001001001001100101111100111
1141 01001001001001001100101111101100
1142 01001001001001001100101111101101
1143 01001001001001001100101111101110
1144 01001001001001001100101111101111
1145 01001001001001001100101111110100
1146 01001001001001001100101111110101
1147 01001001001001001100101111110110
1148 01001001001001001100101111110111
1149 01001001001001001100101111111100
1150 01001001001001001100101111111101
1151 01001001001001001100101111111110
1152 01001001001001001100101111111111
1153 01001001001001001100110100100100
1154 01001001001001001100110100100101
1155 01001001001001001100110100100110
1156 01001001001001001100110100100111
1157 01001001001001001100110100101100
1158 01001001001001001100110100101101
1159 01001001001001001100110100101110
1160 01001001001001001100110100101111
1161 01001001001001001100110100110100
1162 01001001001001001100110100110101
1163 01001001001001001100110100110110
1164 01001001001001001100110100110111
1165 01001001001001001100110100111100
1166 01001001001001001100110100111101
1167 01001001001001001100110100111110
1168 01001001001001001100110100111111
1169 01001001001001001100110101100100
1170 01001001001001001100110101100101
1171 01001001001001001100110101100110
1172 01001001001001001100110101100111
1173 01001001001001001100110101101100
1174 01001001001001001100110101101101
1175 01001001001001001100110101101110
1176 01001001001001001100110101101111
1177 01001001001001001100110101110100
1178 01001001001001001100110101110101
1179 01001001001001001100110101110110
1180 01001001001001001100110101110111
1181 01001001001001001100110101111100
1182 01001001001001001100110101111101
1183 01001001001001001100110101111110
1184 01001001001001001100110101111111
1185 01001001001001001100110110100100
1186 01001001001001001100110110100101
1187 01001001001001001100110110100110
1188 01001001001001001100110110100111
1189 01001001001001001100110110101100
1190 01001001001001001100110110101101
1191 01001001001001001100110110101110
1192 01001001001001001100110110101111
1193 01001001001001001100110110110100
1194 01001001001001001100110110110101
1195 01001001001001001100110110110110
1196 01001001001001001100110110110111
1197 01001001001001001100110110111100
1198 01001001001001001100110110111101
1199 01001001001001001100110110111110
1200 01001001001001001100110110111111
1201 01001001001001001100110111100100
1202 01001001001001001100110111100101
1203 01001001001001001100110111100110
1204 01001001001001001100110111100111
1205 01001001001001001100110111101100
1206 01001001001001001100110111101101
1207 01001001001001001100110111101110
1208 01001001001001001100110111101111
1209 01001001001001001100110111110100
1210 01001001001001001100110111110101
1211 01001001001001001100110111110110
1212 01001001001001001100110111110111
1213 01001001001001001100110111111100
1214 01001001001001001100110111111101
1215 01001001001001001100110111111110
1216 01001001001001001100110111111111
1217 01001001001001001100111100100100
1218 01001001001001001100111100100101
1219 01001001001001001100111100100110
1220 01001001001001001100111100100111
1221 01001001001001001100111100101100
1222 01001001001001001100111100101101
1223 01001001001001001100111100101110
1224 01001001001001001100111100101111
1225 01001001001001001100111100110100
1226 01001001001001001100111100110101
1227 01001001001001001100111100110110
1228 01001001001001001100111100110111
1229 01001001001001001100111100111100
1230 01001001001001001100111100111101
1231 01001001001001001100111100111110
1232 01001001001001001100111100111111
1233 01001001001001001100111101100100
1234 01001001001001001100111101100101
1235 01001001001001001100111101100110
1236 01001001001001001100111101100111
1237 01001001001001001100111101101100
1238 01001001001001001100111101101101
1239 01001001001001001100111101101110
1240 01001001001001001100111101101111
1241 01001001001001001100111101110100
1242 01001001001001001100111101110101
1243 01001001001001001100111101110110
1244 01001001001001001100111101110111
1245 01001001001001001100111101111100
1246 01001001001001001100111101111101
1247 01001001001001001100111101111110
1248 01001001001001001100111101111111
1249 01001001001001001100111110100100
1250 01001001001001001100111110100101
1251 01001001001001001100111110100110
1252 01001001001001001100111110100111
1253 01001001001001001100111110101100
1254 01001001001001001100111110101101
1255 01001001001001001100111110101110
1256 01001001001001001100111110101111
1257 01001001001001001100111110110100
1258 01001001001001001100111110110101
1259 01001001001001001100111110110110
1260 01001001001001001100111110110111
1261 01001001001001001100111110111100
1262 01001001001001001100111110111101
1263 01001001001001001100111110111110
1264 01001001001001001100111110111111
1265 01001001001001001100111111100100
1266 01001001001001001100111111100101
1267 01001001001001001100111111100110
1268 01001001001001001100111111100111
1269 01001001001001001100111111101100
1270 01001001001001001100111111101101
1271 01001001001001001100111111101110
1272 01001001001001001100111111101111
1273 01001001001001001100111111110100
1274 01001001001001001100111111110101
1275 01001001001001001100111111110110
1276 01001001001001001100111111110111
1277 01001001001001001100111111111100
1278 01001001001001001100111111111101
1279 01001001001001001100111111111110
1280 01001001001001001100111111111111
1281 01001001001001001101100100100100
1282 01001001001001001101100100100101
1283 01001001001001001101100100100110
1284 01001001001001001101100100100111
1285 01001001001001001101100100101100
1286 01001001001001001101100100101101
1287 01001001001001001101100100101110
1288 01001001001001001101100100101111
1289 01001001001001001101100100110100
1290 01001001001001001101100100110101
1291 01001001001001001101100100110110
1292 01001001001001001101100100110111
1293 01001001001001001101100100111100
1294 01001001001001001101100100111101
1295 01001001001001001101100100111110
1296 01001001001001001101100100111111
1297 01001001001001001101100101100100
1298 01001001001001001101100101100101
1299 01001001001001001101100101100110
1300 01001001001001001101100101100111
1301 01001001001001001101100101101100
1302 01001001001001001101100101101101
1303 01001001001001001101100101101110
1304 01001001001001001101100101101111
1305 01001001001001001101100101110100
1306 01001001001001001101100101110101
1307 01001001001001001101100101110110
1308 01001001001001001101100101110111
1309 01001001001001001101100101111100
1310 01001001001001001101100101111101
1311 01001001001001001101100101111110
1312 01001001001001001101100101111111
1313 01001001001001001101100110100100
1314 01001001001001001101100110100101
1315 01001001001001001101100110100110
1316 01001001001001001101100110100111
1317 01001001001001001101100110101100
1318 01001001001001001101100110101101
1319 01001001001001001101100110101110
1320 01001001001001001101100110101111
1321 01001001001001001101100110110100
1322 01001001001001001101100110110101
1323 01001001001001001101100110110110
1324 01001001001001001101100110110111
1325 01001001001001001101100110111100
1326 01001001001001001101100110111101
1327 01001001001001001101100110111110
1328 01001001001001001101100110111111
1329 01001001001001001101100111100100
1330 01001001001001001101100111100101
1331 01001001001001001101100111100110
1332 01001001001001001101100111100111
1333 01001001001001001101100111101100
1334 01001001001001001101100111101101
1335 01001001001001001101100111101110
1336 01001001001001001101100111101111
1337 01001001001001001101100111110100
1338 01001001001001001101100111110101
1339 01001001001001001101100111110110
1340 01001001001001001101100111110111
1341 01001001001001001101100111111100
1342 01001001001001001101100111111101
1343 01001001001001001101100111111110
1344 01001001001001001101100111111111
1345 01001001001001001101101100100100
1346 01001001001001001101101100100101
1347 01001001001001001101101100100110
1348 01001001001001001101101100100111
1349 01001001001001001101101100101100
1350 01001001001001001101101100101101
1351 01001001001001001101101100101110
1352 01001001001001001101101100101111
1353 01001001001001001101101100110100
1354 01001001001001001101101100110101
1355 01001001001001001101101100110110
1356 01001001001001001101101100110111
1357 01001001001001001101101100111100
1358 01001001001001001101101100111101
1359 01001001001001001101101100111110
1360 01001001001001001101101100111111
1361 01001001001001001101101101100100
1362 01001001001001001101101101100101
1363 01001001001001001101101101100110
1364 01001001001001001101101101100111
1365 01001001001001001101101101101100
1366 01001001001001001101101101101101
1367 01001001001001001101101101101110
1368 01001001001001001101101101101111
1369 01001001001001001101101101110100
1370 01001001001001001101101101110101
1371 01001001001001001101101101110110
1372 01001001001001001101101101110111
1373 01001001001001001101101101111100
1374 01001001001001001101101101111101
1375 01001001001001001101101101111110
1376 01001001001001001101101101111111
1377 01001001001001001101101110100100
1378 01001001001001001101101110100101
1379 01001001001001001101101110100110
1380 01001001001001001101101110100111
1381 01001001001001001101101110101100
1382 01001001001001001101101110101101
1383 01001001001001001101101110101110
1384 01001001001001001101101110101111
1385 01001001001001001101101110110100
1386 01001001001001001101101110110101
1387 01001001001001001101101110110110
1388 01001001001001001101101110110111
1389 01001001001001001101101110111100
1390 01001001001001001101101110111101
1391 01001001001001001101101110111110
1392 01001001001001001101101110111111
1393 01001001001001001101101111100100
1394 01001001001001001101101111100101
1395 01001001001001001101101111100110
1396 01001001001001001101101111100111
1397 01001001001001001101101111101100
1398 01001001001001001101101111101101
1399 01001001001001001101101111101110
1400 01001001001001001101101111101111
1401 01001001001001001101101111110100
1402 01001001001001001101101111110101
1403 01001001001001001101101111110110
1404 01001001001001001101101111110111
1405 01001001001001001101101111111100
1406 01001001001001001101101111111101
1407 01001001001001001101101111111110
1408 01001001001001001101101111111111
1409 01001001001001001101110100100100
1410 01001001001001001101110100100101
1411 01001001001001001101110100100110
1412 01001001001001001101110100100111
1413 01001001001001001101110100101100
1414 01001001001001001101110100101101
1415 01001001001001001101110100101110
1416 01001001001001001101110100101111
1417 01001001001001001101110100110100
1418 01001001001001001101110100110101
1419 01001001001001001101110100110110
1420 01001001001001001101110100110111
1421 01001001001001001101110100111100
1422 01001001001001001101110100111101
1423 01001001001001001101110100111110
1424 01001001001001001101110100111111
1425 01001001001001001101110101100100
1426 01001001001001001101110101100101
1427 01001001001001001101110101100110
1428 01001001001001001101110101100111
1429 01001001001001001101110101101100
1430 01001001001001001101110101101101
1431 01001001001001001101110101101110
1432 01001001001001001101110101101111
1433 01001001001001001101110101110100
1434 01001001001001001101110101110101
1435 01001001001001001101110101110110
1436 01001001001001001101110101110111
1437 01001001001001001101110101111100
1438 01001001001001001101110101111101
1439 01001001001001001101110101111110
1440 01001001001001001101110101111111
1441 01001001001001001101110110100100
1442 01001001001001001101110110100101
1443 01001001001001001101110110100110
1444 01001001001001001101110110100111
1445 01001001001001001101110110101100
1446 01001001001001001101110110101101
1447 01001001001001001101110110101110
1448 01001001001001001101110110101111
1449 01001001001001001101110110110100
1450 01001001001001001101110110110101
1451 01001001001001001101110110110110
1452 01001001001001001101110110110111
1453 01001001001001001101110110111100
1454 01001001001001001101110110111101
1455 01001001001001001101110110111110
1456 01001001001001001101110110111111
1457 01001001001001001101110111100100
1458 01001001001001001101110111100101
1459 01001001001001001101110111100110
1460 01001001001001001101110111100111
1461 01001001001001001101110111101100
1462 01001001001001001101110111101101
1463 01001001001001001101110111101110
1464 01001001001001001101110111101111
1465 01001001001001001101110111110100
1466 01001001001001001101110111110101
1467 01001001001001001101110111110110
1468 01001001001001001101110111110111
1469 01001001001001001101110111111100
1470 01001001001001001101110111111101
1471 01001001001001001101110111111110
1472 01001001001001001101110111111111
1473 01001001001001001101111100100100
1474 01001001001001001101111100100101
1475 01001001001001001101111100100110
1476 01001001001001001101111100100111
1477 01001001001001001101111100101100
1478 01001001001001001101111100101101
1479 01001001001001001101111100101110
1480 01001001001001001101111100101111
1481 01001001001001001101111100110100
1482 01001001001001001101111100110101
1483 01001001001001001101111100110110
1484 01001001001001001101111100110111
1485 01001001001001001101111100111100
1486 01001001001001001101111100111101
1487 01001001001001001101111100111110
1488 01001001001001001101111100111111
1489 01001001001001001101111101100100
1490 01001001001001001101111101100101
1491 01001001001001001101111101100110
1492 01001001001001001101111101100111
1493 01001001001001001101111101101100
1494 01001001001001001101111101101101
1495 01001001001001001101111101101110
1496 01001001001001001101111101101111
1497 01001001001001001101111101110100
1498 01001001001001001101111101110101
1499 01001001001001001101111101110110
1500 01001001001001001101111101110111
1501 01001001001001001101111101111100
1502 01001001001001001101111101111101
1503 01001001001001001101111101111110
1504 01001001001001001101111101111111
1505 01001001001001001101111110100100
1506 01001001001001001101111110100101
1507 01001001001001001101111110100110
1508 01001001001001001101111110100111
1509 01001001001001001101111110101100
1510 01001001001001001101111110101101
1511 01001001001001001101111110101110
1512 01001001001001001101111110101111
1513 01001001001001001101111110110100
1514 01001001001001001101111110110101
1515 01001001001001001101111110110110
1516 01001001001001001101111110110111
1517 01001001001001001101111110111100
1518 01001001001001001101111110111101
1519 01001001001001001101111110111110
1520 01001001001001001101111110111111
1521 01001001001001001101111111100100
1522 01001001001001001101111111100101
1523 01001001001001001101111111100110
1524 01001001001001001101111111100111
1525 01001001001001001101111111101100
1526 01001001001001001101111111101101
1527 01001001001001001101111111101110
1528 01001001001001001101111111101111
1529 01001001001001001101111111110100
1530 01001001001001001101111111110101
1531 01001001001001001101111111110110
1532 01001001001001001101111111110111
1533 01001001001001001101111111111100
1534 01001001001001001101111111111101
1535 01001001001001001101111111111110
1536 01001001001001001101111111111111
1537 01001001001001001110100100100100
1538 01001001001001001110100100100101
1539 01001001001001001110100100100110
1540 01001001001001001110100100100111
1541 01001001001001001110100100101100
1542 01001001001001001110100100101101
1543 01001001001001001110100100101110
1544 01001001001001001110100100101111
1545 01001001001001001110100100110100
1546 01001001001001001110100100110101
1547 01001001001001001110100100110110
1548 01001001001001001110100100110111
1549 01001001001001001110100100111100
1550 01001001001001001110100100111101
1551 01001001001001001110100100111110
1552 01001001001001001110100100111111
1553 01001001001001001110100101100100
1554 01001001001001001110100101100101
1555 01001001001001001110100101100110
1556 01001001001001001110100101100111
1557 01001001001001001110100101101100
1558 01001001001001001110100101101101
1559 01001001001001001110100101101110
1560 01001001001001001110100101101111
1561 01001001001001001110100101110100
1562 01001001001001001110100101110101
1563 01001001001001001110100101110110
1564 01001001001001001110100101110111
1565 01001001001001001110100101111100
1566 01001001001001001110100101111101
1567 01001001001001001110100101111110
1568 01001001001001001110100101111111
1569 01001001001001001110100110100100
1570 01001001001001001110100110100101
1571 01001001001001001110100110100110
1572 01001001001001001110100110100111
1573 01001001001001001110100110101100
1574 01001001001001001110100110101101
1575 01001001001001001110100110101110
1576 01001001001001001110100110101111
1577 01001001001001001110100110110100
1578 01001001001001001110100110110101
1579 01001001001001001110100110110110
1580 01001001001001001110100110110111
1581 01001001001001001110100110111100
1582 01001001001001001110100110111101
1583 01001001001001001110100110111110
1584 01001001001001001110100110111111
1585 01001001001001001110100111100100
1586 01001001001001001110100111100101
1587 01001001001001001110100111100110
1588 01001001001001001110100111100111
1589 01001001001001001110100111101100
1590 01001001001001001110100111101101
1591 01001001001001001110100111101110
1592 01001001001001001110100111101111
1593 01001001001001001110100111110100
1594 01001001001001001110100111110101
1595 01001001001001001110100111110110
1596 01001001001001001110100111110111
1597 01001001001001001110100111111100
1598 01001001001001001110100111111101
1599 01001001001001001110100111111110
1600 01001001001001001110100111111111
1601 01001001001001001110101100100100
1602 01001001001001001110101100100101
1603 01001001001001001110101100100110
1604 01001001001001001110101100100111
1605 01001001001001001110101100101100
1606 01001001001001001110101100101101
1607 01001001001001001110101100101110
1608 01001001001001001110101100101111
1609 01001001001001001110101100110100
1610 01001001001001001110101100110101
1611 01001001001001001110101100110110
1612 01001001001001001110101100110111
1613 01001001001001001110101100111100
1614 01001001001001001110101100111101
1615 01001001001001001110101100111110
1616 01001001001001001110101100111111
1617 01001001001001001110101101100100
1618 01001001001001001110101101100101
1619 01001001001001001110101101100110
1620 01001001001001001110101101100111
1621 01001001001001001110101101101100
1622 01001001001001001110101101101101
1623 01001001001001001110101101101110
1624 01001001001001001110101101101111
1625 01001001001001001110101101110100
1626 01001001001001001110101101110101
1627 01001001001001001110101101110110
1628 01001001001001001110101101110111
1629 01001001001001001110101101111100
1630 01001001001001001110101101111101
1631 01001001001001001110101101111110
1632 01001001001001001110101101111111
1633 01001001001001001110101110100100
1634 01001001001001001110101110100101
1635 01001001001001001110101110100110
1636 01001001001001001110101110100111
1637 01001001001001001110101110101100
1638 01001001001001001110101110101101
1639 01001001001001001110101110101110
1640 01001001001001001110101110101111
1641 01001001001001001110101110110100
1642 01001001001001001110101110110101
1643 01001001001001001110101110110110
1644 01001001001001001110101110110111
1645 01001001001001001110101110111100
1646 01001001001001001110101110111101
1647 01001001001001001110101110111110
1648 01001001001001001110101110111111
1649 01001001001001001110101111100100
1650 01001001001001001110101111100101
1651 01001001001001001110101111100110
1652 01001001001001001110101111100111
1653 01001001001001001110101111101100
1654 01001001001001001110101111101101
1655 01001001001001001110101111101110
1656 01001001001001001110101111101111
1657 01001001001001001110101111110100
1658 01001001001001001110101111110101
1659 01001001001001001110101111110110
1660 01001001001001001110101111110111
1661 01001001001001001110101111111100
1662 01001001001001001110101111111101
1663 01001001001001001110101111111110
1664 01001001001001001110101111111111
1665 01001001001001001110110100100100
1666 01001001001001001110110100100101
1667 01001001001001001110110100100110
1668 01001001001001001110110100100111
1669 01001001001001001110110100101100
1670 01001001001001001110110100101101
1671 01001001001001001110110100101110
1672 01001001001001001110110100101111
1673 01001001001001001110110100110100
1674 01001001001001001110110100110101
1675 01001001001001001110110100110110
1676 01001001001001001110110100110111
1677 01001001001001001110110100111100
1678 01001001001001001110110100111101
1679 01001001001001001110110100111110
1680 01001001001001001110110100111111
1681 01001001001001001110110101100100
1682 01001001001001001110110101100101
1683 01001001001001001110110101100110
1684 01001001001001001110110101100111
1685 01001001001001001110110101101100
1686 01001001001001001110110101101101
1687 01001001001001001110110101101110
1688 01001001001001001110110101101111
1689 01001001001001001110110101110100
1690 01001001001001001110110101110101
1691 01001001001001001110110101110110
1692 01001001001001001110110101110111
1693 01001001001001001110110101111100
1694 01001001001001001110110101111101
1695 01001001001001001110110101111110
1696 01001001001001001110110101111111
1697 01001001001001001110110110100100
1698 01001001001001001110110110100101
1699 01001001001001001110110110100110
1700 01001001001001001110110110100111
1701 01001001001001001110110110101100
1702 01001001001001001110110110101101
1703 01001001001001001110110110101110
1704 01001001001001001110110110101111
1705 01001001001001001110110110110100
1706 01001001001001001110110110110101
1707 01001001001001001110110110110110
1708 01001001001001001110110110110111
1709 01001001001001001110110110111100
1710 01001001001001001110110110111101
1711 01001001001001001110110110111110
1712 01001001001001001110110110111111
1713 01001001001001001110110111100100
1714 01001001001001001110110111100101
1715 01001001001001001110110111100110
1716 01001001001001001110110111100111
1717 01001001001001001110110111101100
1718 01001001001001001110110111101101
1719 01001001001001001110110111101110
1720 01001001001001001110110111101111
1721 01001001001001001110110111110100
1722 01001001001001001110110111110101
1723 01001001001001001110110111110110
1724 01001001001001001110110111110111
1725 01001001001001001110110111111100
1726 01001001001001001110110111111101
1727 01001001001001001110110111111110
1728 01001001001001001110110111111111
1729 01001001001001001110111100100100
1730 01001001001001001110111100100101
1731 01001001001001001110111100100110
1732 01001001001001001110111100100111
1733 01001001001001001110111100101100
1734 01001001001001001110111100101101
1735 01001001001001001110111100101110
1736 01001001001001001110111100101111
1737 01001001001001001110111100110100
1738 01001001001001001110111100110101
1739 01001001001001001110111100110110
1740 01001001001001001110111100110111
1741 01001001001001001110111100111100
1742 01001001001001001110111100111101
1743 01001001001001001110111100111110
1744 01001001001001001110111100111111
1745 01001001001001001110111101100100
1746 01001001001001001110111101100101
1747 01001001001001001110111101100110
1748 01001001001001001110111101100111
1749 01001001001001001110111101101100
1750 01001001001001001110111101101101
1751 01001001001001001110111101101110
1752 01001001001001001110111101101111
1753 01001001001001001110111101110100
1754 01001001001001001110111101110101
1755 01001001001001001110111101110110
1756 01001001001001001110111101110111
1757 01001001001001001110111101111100
1758 01001001001001001110111101111101
1759 01001001001001001110111101111110
1760 01001001001001001110111101111111
1761 01001001001001001110111110100100
1762 01001001001001001110111110100101
1763 01001001001001001110111110100110
1764 01001001001001001110111110100111
1765 01001001001001001110111110101100
1766 01001001001001001110111110101101
1767 01001001001001001110111110101110
1768 01001001001001001110111110101111
1769 01001001001001001110111110110100
1770 01001001001001001110111110110101
1771 01001001001001001110111110110110
1772 01001001001001001110111110110111
1773 01001001001001001110111110111100
1774 01001001001001001110111110111101
1775 01001001001001001110111110111110
1776 01001001001001001110111110111111
1777 01001001001001001110111111100100
1778 01001001001001001110111111100101
1779 01001001001001001110111111100110
1780 01001001001001001110111111100111
1781 01001001001001001110111111101100
1782 01001001001001001110111111101101
1783 01001001001001001110111111101110
1784 01001001001001001110111111101111
1785 01001001001001001110111111110100
1786 01001001001001001110111111110101
1787 01001001001001001110111111110110
1788 01001001001001001110111111110111
1789 01001001001001001110111111111100
1790 01001001001001001110111111111101
1791 01001001001001001110111111111110
1792 01001001001001001110111111111111
1793 01001001001001001111100100100100
1794 01001001001001001111100100100101
1795 01001001001001001111100100100110
1796 01001001001001001111100100100111
1797 01001001001001001111100100101100
1798 01001001001001001111100100101101
1799 01001001001001001111100100101110
1800 01001001001001001111100100101111
1801 01001001001001001111100100110100
1802 01001001001001001111100100110101
1803 01001001001001001111100100110110
1804 01001001001001001111100100110111
1805 01001001001001001111100100111100
1806 01001001001001001111100100111101
1807 01001001001001001111100100111110
1808 01001001001001001111100100111111
1809 01001001001001001111100101100100
1810 01001001001001001111100101100101
1811 01001001001001001111100101100110
1812 01001001001001001111100101100111
1813 01001001001001001111100101101100
1814 01001001001001001111100101101101
1815 01001001001001001111100101101110
1816 01001001001001001111100101101111
1817 01001001001001001111100101110100
1818 01001001001001001111100101110101
1819 01001001001001001111100101110110
1820 01001001001001001111100101110111
1821 01001001001001001111100101111100
1822 01001001001001001111100101111101
1823 01001001001001001111100101111110
1824 01001001001001001111100101111111
1825 01001001001001001111100110100100
1826 01001001001001001111100110100101
1827 01001001001001001111100110100110
1828 01001001001001001111100110100111
1829 01001001001001001111100110101100
1830 01001001001001001111100110101101
1831 01001001001001001111100110101110
1832 01001001001001001111100110101111
1833 01001001001001001111100110110100
1834 01001001001001001111100110110101
1835 01001001001001001111100110110110
1836 01001001001001001111100110110111
1837 01001001001001001111100110111100
1838 01001001001001001111100110111101
1839 01001001001001001111100110111110
1840 01001001001001001111100110111111
1841 01001001001001001111100111100100
1842 01001001001001001111100111100101
1843 01001001001001001111100111100110
1844 01001001001001001111100111100111
1845 01001001001001001111100111101100
1846 01001001001001001111100111101101
1847 01001001001001001111100111101110
1848 01001001001001001111100111101111
1849 01001001001001001111100111110100
1850 01001001001001001111100111110101
1851 01001001001001001111100111110110
1852 01001001001001001111100111110111
1853 01001001001001001111100111111100
1854 01001001001001001111100111111101
1855 01001001001001001111100111111110
1856 01001001001001001111100111111111
1857 01001001001001001111101100100100
1858 01001001001001001111101100100101
1859 01001001001001001111101100100110
1860 01001001001001001111101100100111
1861 01001001001001001111101100101100
1862 01001001001001001111101100101101
1863 01001001001001001111101100101110
1864 01001001001001001111101100101111
1865 01001001001001001111101100110100
1866 01001001001001001111101100110101
1867 01001001001001001111101100110110
1868 01001001001001001111101100110111
1869 01001001001001001111101100111100
1870 01001001001001001111101100111101
1871 01001001001001001111101100111110
1872 01001001001001001111101100111111
1873 01001001001001001111101101100100
1874 01001001001001001111101101100101
1875 01001001001001001111101101100110
1876 01001001001001001111101101100111
1877 01001001001001001111101101101100
1878 01001001001001001111101101101101
1879 01001001001001001111101101101110
1880 01001001001001001111101101101111
1881 01001001001001001111101101110100
1882 01001001001001001111101101110101
1883 01001001001001001111101101110110
1884 01001001001001001111101101110111
1885 01001001001001001111101101111100
1886 01001001001001001111101101111101
1887 01001001001001001111101101111110
1888 01001001001001001111101101111111
1889 01001001001001001111101110100100
1890 01001001001001001111101110100101
1891 01001001001001001111101110100110
1892 01001001001001001111101110100111
1893 01001001001001001111101110101100
1894 01001001001001001111101110101101
1895 01001001001001001111101110101110
1896 01001001001001001111101110101111
1897 01001001001001001111101110110100
1898 01001001001001001111101110110101
1899 01001001001001001111101110110110
1900 01001001001001001111101110110111
1901 01001001001001001111101110111100
1902 01001001001001001111101110111101
1903 01001001001001001111101110111110
1904 01001001001001001111101110111111
1905 01001001001001001111101111100100
1906 01001001001001001111101111100101
1907 01001001001001001111101111100110
1908 01001001001001001111101111100111
1909 01001001001001001111101111101100
1910 01001001001001001111101111101101
1911 01001001001001001111101111101110
1912 01001001001001001111101111101111
1913 01001001001001001111101111110100
1914 01001001001001001111101111110101
1915 01001001001001001111101111110110
1916 01001001001001001111101111110111
1917 01001001001001001111101111111100
1918 01001001001001001111101111111101
1919 01001001001001001111101111111110
1920 01001001001001001111101111111111
1921 01001001001001001111110100100100
1922 01001001001001001111110100100101
1923 01001001001001001111110100100110
1924 01001001001001001111110100100111
1925 01001001001001001111110100101100
1926 01001001001001001111110100101101
1927 01001001001001001111110100101110
1928 01001001001001001111110100101111
1929 01001001001001001111110100110100
1930 01001001001001001111110100110101
1931 01001001001001001111110100110110
1932 01001001001001001111110100110111
1933 01001001001001001111110100111100
1934 01001001001001001111110100111101
1935 01001001001001001111110100111110
1936 01001001001001001111110100111111
1937 01001001001001001111110101100100
1938 01001001001001001111110101100101
1939 01001001001001001111110101100110
1940 01001001001001001111110101100111
1941 01001001001001001111110101101100
1942 01001001001001001111110101101101
1943 01001001001001001111110101101110
1944 01001001001001001111110101101111
1945 01001001001001001111110101110100
1946 01001001001001001111110101110101
1947 01001001001001001111110101110110
1948 01001001001001001111110101110111
1949 01001001001001001111110101111100
1950 01001001001001001111110101111101
1951 01001001001001001111110101111110
1952 01001001001001001111110101111111
1953 01001001001001001111110110100100
1954 01001001001001001111110110100101
1955 01001001001001001111110110100110
1956 01001001001001001111110110100111
1957 01001001001001001111110110101100
1958 01001001001001001111110110101101
1959 01001001001001001111110110101110
1960 01001001001001001111110110101111
1961 01001001001001001111110110110100
1962 01001001001001001111110110110101
1963 01001001001001001111110110110110
1964 01001001001001001111110110110111
1965 01001001001001001111110110111100
1966 01001001001001001111110110111101
1967 01001001001001001111110110111110
1968 01001001001001001111110110111111
1969 01001001001001001111110111100100
1970 01001001001001001111110111100101
1971 01001001001001001111110111100110
1972 01001001001001001111110111100111
1973 01001001001001001111110111101100
1974 01001001001001001111110111101101
1975 01001001001001001111110111101110
1976 01001001001001001111110111101111
1977 01001001001001001111110111110100
1978 01001001001001001111110111110101
1979 01001001001001001111110111110110
1980 01001001001001001111110111110111
1981 01001001001001001111110111111100
1982 01001001001001001111110111111101
1983 01001001001001001111110111111110
1984 01001001001001001111110111111111
1985 01001001001001001111111100100100
1986 01001001001001001111111100100101
1987 01001001001001001111111100100110
1988 01001001001001001111111100100111
1989 01001001001001001111111100101100
1990 01001001001001001111111100101101
1991 01001001001001001111111100101110
1992 01001001001001001111111100101111
1993 01001001001001001111111100110100
1994 01001001001001001111111100110101
1995 01001001001001001111111100110110
1996 01001001001001001111111100110111
1997 01001001001001001111111100111100
1998 01001001001001001111111100111101
1999 01001001001001001111111100111110
2000 01001001001001001111111100111111
2001 01001001001001001111111101100100
2002 01001001001001001111111101100101
2003 01001001001001001111111101100110
2004 01001001001001001111111101100111
2005 01001001001001001111111101101100
2006 01001001001001001111111101101101
2007 01001001001001001111111101101110
2008 01001001001001001111111101101111
2009 01001001001001001111111101110100
2010 01001001001001001111111101110101
2011 01001001001001001111111101110110
2012 01001001001001001111111101110111
2013 01001001001001001111111101111100
2014 01001001001001001111111101111101
2015 01001001001001001111111101111110
2016 01001001001001001111111101111111
2017 01001001001001001111111110100100
2018 01001001001001001111111110100101
2019 01001001001001001111111110100110
2020 01001001001001001111111110100111
2021 01001001001001001111111110101100
2022 01001001001001001111111110101101
2023 01001001001001001111111110101110
2024 01001001001001001111111110101111
2025 01001001001001001111111110110100
2026 01001001001001001111111110110101
2027 01001001001001001111111110110110
2028 01001001001001001111111110110111
2029 01001001001001001111111110111100
2030 01001001001001001111111110111101
2031 01001001001001001111111110111110
2032 01001001001001001111111110111111
2033 01001001001001001111111111100100
2034 01001001001001001111111111100101
2035 01001001001001001111111111100110
2036 01001001001001001111111111100111
2037 01001001001001001111111111101100
2038 01001001001001001111111111101101
2039 01001001001001001111111111101110
2040 01001001001001001111111111101111
2041 01001001001001001111111111110100
2042 01001001001001001111111111110101
2043 01001001001001001111111111110110
2044 01001001001001001111111111110111
2045 01001001001001001111111111111100
2046 01001001001001001111111111111101
2047 01001001001001001111111111111110
2048 01001001001001001111111111111111
2049 01001001001001010100100100100100
2050 01001001001001010100100100100101
2051 01001001001001010100100100100110
2052 01001001001001010100100100100111
2053 01001001001001010100100100101100
2054 01001001001001010100100100101101
2055 01001001001001010100100100101110
2056 01001001001001010100100100101111
2057 01001001001001010100100100110100
2058 01001001001001010100100100110101
2059 01001001001001010100100100110110
2060 01001001001001010100100100110111
2061 01001001001001010100100100111100
2062 01001001001001010100100100111101
2063 01001001001001010100100100111110
2064 01001001001001010100100100111111
2065 01001001001001010100100101100100
2066 01001001001001010100100101100101
2067 01001001001001010100100101100110
2068 01001001001001010100100101100111
2069 01001001001001010100100101101100
2070 01001001001001010100100101101101
2071 01001001001001010100100101101110
2072 01001001001001010100100101101111
2073 01001001001001010100100101110100
2074 01001001001001010100100101110101
2075 01001001001001010100100101110110
2076 01001001001001010100100101110111
2077 01001001001001010100100101111100
2078 01001001001001010100100101111101
2079 01001001001001010100100101111110
2080 01001001001001010100100101111111
2081 01001001001001010100100110100100
2082 01001001001001010100100110100101
2083 01001001001001010100100110100110
2084 01001001001001010100100110100111
2085 01001001001001010100100110101100
2086 01001001001001010100100110101101
2087 01001001001001010100100110101110
2088 01001001001001010100100110101111
2089 01001001001001010100100110110100
2090 01001001001001010100100110110101
2091 01001001001001010100100110110110
2092 01001001001001010100100110110111
2093 01001001001001010100100110111100
2094 01001001001001010100100110111101
2095 01001001001001010100100110111110
2096 01001001001001010100100110111111
2097 01001001001001010100100111100100
2098 01001001001001010100100111100101
2099 01001001001001010100100111100110
2100 01001001001001010100100111100111
2101 01001001001001010100100111101100
2102 01001001001001010100100111101101
2103 01001001001001010100100111101110
2104 01001001001001010100100111101111
2105 01001001001001010100100111110100
2106 01001001001001010100100111110101
2107 01001001001001010100100111110110
2108 01001001001001010100100111110111
2109 01001001001001010100100111111100
2110 01001001001001010100100111111101
2111 01001001001001010100100111111110
2112 01001001001001010100100111111111
2113 01001001001001010100101100100100
2114 01001001001001010100101100100101
2115 01001001001001010100101100100110
2116 01001001001001010100101100100111
2117 01001001001001010100101100101100
2118 01001001001001010100101100101101
2119 01001001001001010100101100101110
2120 01001001001001010100101100101111
2121 01001001001001010100101100110100
2122 01001001001001010100101100110101
2123 01001001001001010100101100110110
2124 01001001001001010100101100110111
2125 01001001001001010100101100111100
2126 01001001001001010100101100111101
2127 01001001001001010100101100111110
2128 01001001001001010100101100111111
2129 01001001001001010100101101100100
2130 01001001001001010100101101100101
2131 01001001001001010100101101100110
2132 01001001001001010100101101100111
2133 01001001001001010100101101101100
2134 01001001001001010100101101101101
2135 01001001001001010100101101101110
2136 01001001001001010100101101101111
2137 01001001001001010100101101110100
2138 01001001001001010100101101110101
2139 01001001001001010100101101110110
2140 01001001001001010100101101110111
2141 01001001001001010100101101111100
2142 01001001001001010100101101111101
2143 01001001001001010100101101111110
2144 01001001001001010100101101111111
2145 01001001001001010100101110100100
2146 01001001001001010100101110100101
2147 01001001001001010100101110100110
2148 01001001001001010100101110100111
2149 01001001001001010100101110101100
2150 01001001001001010100101110101101
2151 01001001001001010100101110101110
2152 01001001001001010100101110101111
2153 01001001001001010100101110110100
2154 01001001001001010100101110110101
2155 01001001001001010100101110110110
2156 01001001001001010100101110110111
2157 01001001001001010100101110111100
2158 01001001001001010100101110111101
2159 01001001001001010100101110111110
2160 01001001001001010100101110111111
2161 01001001001001010100101111100100
2162 01001001001001010100101111100101
2163 01001001001001010100101111100110
2164 01001001001001010100101111100111
2165 01001001001001010100101111101100
2166 01001001001001010100101111101101
2167 01001001001001010100101111101110
2168 01001001001001010100101111101111
2169 01001001001001010100101111110100
2170 01001001001001010100101111110101
2171 01001001001001010100101111110110
2172 01001001001001010100101111110111
2173 01001001001001010100101111111100
2174 01001001001001010100101111111101
2175 01001001001001010100101111111110
2176 01001001001001010100101111111111
2177 01001001001001010100110100100100
2178 01001001001001010100110100100101
2179 01001001001001010100110100100110
2180 01001001001001010100110100100111
2181 01001001001001010100110100101100
2182 01001001001001010100110100101101
2183 01001001001001010100110100101110
2184 01001001001001010100110100101111
2185 01001001001001010100110100110100
2186 01001001001001010100110100110101
2187 01001001001001010100110100110110
2188 01001001001001010100110100110111
2189 01001001001001010100110100111100
2190 01001001001001010100110100111101
2191 01001001001001010100110100111110
2192 01001001001001010100110100111111
2193 01001001001001010100110101100100
2194 01001001001001010100110101100101
2195 01001001001001010100110101100110
2196 01001001001001010100110101100111
2197 01001001001001010100110101101100
2198 01001001001001010100110101101101
2199 01001001001001010100110101101110
2200 01001001001001010100110101101111
2201 01001001001001010100110101110100
2202 01001001001001010100110101110101
2203 01001001001001010100110101110110
2204 01001001001001010100110101110111
2205 01001001001001010100110101111100
2206 01001001001001010100110101111101
2207 01001001001001010100110101111110
2208 01001001001001010100110101111111
2209 01001001001001010100110110100100
2210 01001001001001010100110110100101
2211 01001001001001010100110110100110
2212 01001001001001010100110110100111
2213 01001001001001010100110110101100
2214 01001001001001010100110110101101
2215 01001001001001010100110110101110
2216 01001001001001010100110110101111
2217 01001001001001010100110110110100
2218 01001001001001010100110110110101
2219 01001001001001010100110110110110
2220 01001001001001010100110110110111
2221 01001001001001010100110110111100
2222 01001001001001010100110110111101
2223 01001001001001010100110110111110
2224 01001001001001010100110110111111
2225 01001001001001010100110111100100
2226 01001001001001010100110111100101
2227 01001001001001010100110111100110
2228 01001001001001010100110111100111
2229 01001001001001010100110111101100
2230 01001001001001010100110111101101
2231 01001001001001010100110111101110
2232 01001001001001010100110111101111
2233 01001001001001010100110111110100
2234 01001001001001010100110111110101
2235 01001001001001010100110111110110
2236 01001001001001010100110111110111
2237 01001001001001010100110111111100
2238 01001001001001010100110111111101
2239 01001001001001010100110111111110
2240 01001001001001010100110111111111
2241 01001001001001010100111100100100
2242 01001001001001010100111100100101
2243 01001001001001010100111100100110
2244 01001001001001010100111100100111
2245 01001001001001010100111100101100
2246 01001001001001010100111100101101
2247 01001001001001010100111100101110
2248 01001001001001010100111100101111
2249 01001001001001010100111100110100
2250 01001001001001010100111100110101
2251 01001001001001010100111100110110
2252 01001001001001010100111100110111
2253 01001001001001010100111100111100
2254 01001001001001010100111100111101
2255 01001001001001010100111100111110
2256 01001001001001010100111100111111
2257 01001001001001010100111101100100
2258 01001001001001010100111101100101
2259 01001001001001010100111101100110
2260 01001001001001010100111101100111
2261 01001001001001010100111101101100
2262 01001001001001010100111101101101
2263 01001001001001010100111101101110
2264 01001001001001010100111101101111
2265 01001001001001010100111101110100
2266 01001001001001010100111101110101
2267 01001001001001010100111101110110
2268 01001001001001010100111101110111
2269 01001001001001010100111101111100
2270 01001001001001010100111101111101
2271 01001001001001010100111101111110
2272 01001001001001010100111101111111
2273 01001001001001010100111110100100
2274 01001001001001010100111110100101
2275 01001001001001010100111110100110
2276 01001001001001010100111110100111
2277 01001001001001010100111110101100
2278 01001001001001010100111110101101
2279 01001001001001010100111110101110
2280 01001001001001010100111110101111
2281 01001001001001010100111110110100
2282 01001001001001010100111110110101
2283 01001001001001010100111110110110
2284 01001001001001010100111110110111
2285 01001001001001010100111110111100
2286 01001001001001010100111110111101
2287 01001001001001010100111110111110
2288 01001001001001010100111110111111
2289 01001001001001010100111111100100
2290 01001001001001010100111111100101
2291 01001001001001010100111111100110
2292 01001001001001010100111111100111
2293 01001001001001010100111111101100
2294 01001001001001010100111111101101
2295 01001001001001010100111111101110
2296 01001001001001010100111111101111
2297 01001001001001010100111111110100
2298 01001001001001010100111111110101
2299 01001001001001010100111111110110
2300 01001001001001010100111111110111
2301 01001001001001010100111111111100
2302 01001001001001010100111111111101
2303 01001001001001010100111111111110
2304 01001001001001010100111111111111
2305 01001001001001010101100100100100
2306 01001001001001010101100100100101
2307 01001001001001010101100100100110
2308 01001001001001010101100100100111
2309 01001001001001010101100100101100
2310 01001001001001010101100100101101
2311 01001001001001010101100100101110
2312 01001001001001010101100100101111
2313 01001001001001010101100100110100
2314 01001001001001010101100100110101
2315 01001001001001010101100100110110
2316 01001001001001010101100100110111
2317 01001001001001010101100100111100
2318 01001001001001010101100100111101
2319 01001001001001010101100100111110
2320 01001001001001010101100100111111
2321 01001001001001010101100101100100
2322 01001001001001010101100101100101
2323 01001001001001010101100101100110
2324 01001001001001010101100101100111
2325 01001001001001010101100101101100
2326 01001001001001010101100101101101
2327 01001001001001010101100101101110
2328 01001001001001010101100101101111
2329 01001001001001010101100101110100
2330 01001001001001010101100101110101
2331 01001001001001010101100101110110
2332 01001001001001010101100101110111
2333 01001001001001010101100101111100
2334 01001001001001010101100101111101
2335 01001001001001010101100101111110
2336 01001001001001010101100101111111
2337 01001001001001010101100110100100
2338 01001001001001010101100110100101
2339 01001001001001010101100110100110
2340 01001001001001010101100110100111
2341 01001001001001010101100110101100
2342 01001001001001010101100110101101
2343 01001001001001010101100110101110
2344 01001001001001010101100110101111
2345 01001001001001010101100110110100
2346 01001001001001010101100110110101
2347 01001001001001010101100110110110
2348 01001001001001010101100110110111
2349 01001001001001010101100110111100
2350 01001001001001010101100110111101
2351 01001001001001010101100110111110
2352 01001001001001010101100110111111
2353 01001001001001010101100111100100
2354 01001001001001010101100111100101
2355 01001001001001010101100111100110
2356 01001001001001010101100111100111
2357 01001001001001010101100111101100
2358 01001001001001010101100111101101
2359 01001001001001010101100111101110
2360 01001001001001010101100111101111
2361 01001001001001010101100111110100
2362 01001001001001010101100111110101
2363 01001001001001010101100111110110
2364 01001001001001010101100111110111
2365 01001001001001010101100111111100
2366 01001001001001010101100111111101
2367 01001001001001010101100111111110
2368 01001001001001010101100111111111
2369 01001001001001010101101100100100
2370 01001001001001010101101100100101
2371 01001001001001010101101100100110
2372 01001001001001010101101100100111
2373 01001001001001010101101100101100
2374 01001001001001010101101100101101
2375 01001001001001010101101100101110
2376 01001001001001010101101100101111
2377 01001001001001010101101100110100
2378 01001001001001010101101100110101
2379 01001001001001010101101100110110
2380 01001001001001010101101100110111
2381 01001001001001010101101100111100
2382 01001001001001010101101100111101
2383 01001001001001010101101100111110
2384 01001001001001010101101100111111
2385 01001001001001010101101101100100
2386 01001001001001010101101101100101
2387 01001001001001010101101101100110
2388 01001001001001010101101101100111
2389 01001001001001010101101101101100
2390 01001001001001010101101101101101
2391 01001001001001010101101101101110
2392 01001001001001010101101101101111
2393 01001001001001010101101101110100
2394 01001001001001010101101101110101
2395 01001001001001010101101101110110
2396 01001001001001010101101101110111
2397 01001001001001010101101101111100
2398 01001001001001010101101101111101
2399 01001001001001010101101101111110
2400 01001001001001010101101101111111
2401 01001001001001010101101110100100
2402 01001001001001010101101110100101
2403 01001001001001010101101110100110
2404 01001001001001010101101110100111
2405 01001001001001010101101110101100
2406 01001001001001010101101110101101
2407 01001001001001010101101110101110
2408 01001001001001010101101110101111
2409 01001001001001010101101110110100
2410 01001001001001010101101110110101
2411 01001001001001010101101110110110
2412 01001001001001010101101110110111
2413 01001001001001010101101110111100
2414 01001001001001010101101110111101
2415 01001001001001010101101110111110
2416 01001001001001010101101110111111
2417 01001001001001010101101111100100
2418 01001001001001010101101111100101
2419 01001001001001010101101111100110
2420 01001001001001010101101111100111
2421 01001001001001010101101111101100
2422 01001001001001010101101111101101
2423 01001001001001010101101111101110
2424 01001001001001010101101111101111
2425 01001001001001010101101111110100
2426 01001001001001010101101111110101
2427 01001001001001010101101111110110
2428 01001001001001010101101111110111
2429 01001001001001010101101111111100
2430 01001001001001010101101111111101
2431 01001001001001010101101111111110
2432 01001001001001010101101111111111
2433 01001001001001010101110100100100
2434 01001001001001010101110100100101
2435 01001001001001010101110100100110
2436 01001001001001010101110100100111
2437 01001001001001010101110100101100
2438 01001001001001010101110100101101
2439 01001001001001010101110100101110
2440 01001001001001010101110100101111
2441 01001001001001010101110100110100
2442 01001001001001010101110100110101
2443 01001001001001010101110100110110
2444 01001001001001010101110100110111
2445 01001001001001010101110100111100
2446 01001001001001010101110100111101
2447 01001001001001010101110100111110
2448 01001001001001010101110100111111
2449 01001001001001010101110101100100
2450 01001001001001010101110101100101
2451 01001001001001010101110101100110
2452 01001001001001010101110101100111
2453 01001001001001010101110101101100
2454 01001001001001010101110101101101
2455 01001001001001010101110101101110
2456 01001001001001010101110101101111
2457 01001001001001010101110101110100
2458 01001001001001010101110101110101
2459 01001001001001010101110101110110
2460 01001001001001010101110101110111
2461 01001001001001010101110101111100
2462 01001001001001010101110101111101
2463 01001001001001010101110101111110
2464 01001001001001010101110101111111
2465 01001001001001010101110110100100
2466 01001001001001010101110110100101
2467 01001001001001010101110110100110
2468 01001001001001010101110110100111
2469 01001001001001010101110110101100
2470 01001001001001010101110110101101
2471 01001001001001010101110110101110
2472 01001001001001010101110110101111
2473 01001001001001010101110110110100
2474 01001001001001010101110110110101
2475 01001001001001010101110110110110
2476 01001001001001010101110110110111
2477 01001001001001010101110110111100
2478 01001001001001010101110110111101
2479 01001001001001010101110110111110
2480 01001001001001010101110110111111
2481 01001001001001010101110111100100
2482 01001001001001010101110111100101
2483 01001001001001010101110111100110
2484 01001001001001010101110111100111
2485 01001001001001010101110111101100
2486 01001001001001010101110111101101
2487 01001001001001010101110111101110
2488 01001001001001010101110111101111
2489 01001001001001010101110111110100
2490 01001001001001010101110111110101
2491 01001001001001010101110111110110
2492 01001001001001010101110111110111
2493 01001001001001010101110111111100
2494 01001001001001010101110111111101
2495 01001001001001010101110111111110
2496 01001001001001010101110111111111
2497 01001001001001010101111100100100
2498 01001001001001010101111100100101
2499 01001001001001010101111100100110
2500 01001001001001010101111100100111
2501 01001001001001010101111100101100
2502 01001001001001010101111100101101
2503 01001001001001010101111100101110
2504 01001001001001010101111100101111
2505 01001001001001010101111100110100
2506 01001001001001010101111100110101
2507 01001001001001010101111100110110
2508 01001001001001010101111100110111
2509 01001001001001010101111100111100
2510 01001001001001010101111100111101
2511 01001001001001010101111100111110
2512 01001001001001010101111100111111
2513 01001001001001010101111101100100
2514 01001001001001010101111101100101
2515 01001001001001010101111101100110
2516 01001001001001010101111101100111
2517 01001001001001010101111101101100
2518 01001001001001010101111101101101
2519 01001001001001010101111101101110
2520 01001001001001010101111101101111
2521 01001001001001010101111101110100
2522 01001001001001010101111101110101
2523 01001001001001010101111101110110
2524 01001001001001010101111101110111
2525 01001001001001010101111101111100
2526 01001001001001010101111101111101
2527 01001001001001010101111101111110
2528 01001001001001010101111101111111
2529 01001001001001010101111110100100
2530 01001001001001010101111110100101
2531 01001001001001010101111110100110
2532 01001001001001010101111110100111
2533 01001001001001010101111110101100
2534 01001001001001010101111110101101
2535 01001001001001010101111110101110
2536 01001001001001010101111110101111
2537 01001001001001010101111110110100
2538 01001001001001010101111110110101
2539 01001001001001010101111110110110
2540 01001001001001010101111110110111
2541 01001001001001010101111110111100
2542 01001001001001010101111110111101
2543 01001001001001010101111110111110
2544 01001001001001010101111110111111
2545 01001001001001010101111111100100
2546 01001001001001010101111111100101
2547 01001001001001010101111111100110
2548 01001001001001010101111111100111
2549 01001001001001010101111111101100
2550 01001001001001010101111111101101
2551 01001001001001010101111111101110
2552 01001001001001010101111111101111
2553 01001001001001010101111111110100
2554 01001001001001010101111111110101
2555 01001001001001010101111111110110
2556 01001001001001010101111111110111
2557 01001001001001010101111111111100
2558 01001001001001010101111111111101
2559 01001001001001010101111111111110
2560 01001001001001010101111111111111
2561 01001001001001010110100100100100
2562 01001001001001010110100100100101
2563 01001001001001010110100100100110
2564 01001001001001010110100100100111
2565 01001001001001010110100100101100
2566 01001001001001010110100100101101
2567 01001001001001010110100100101110
2568 01001001001001010110100100101111
2569 01001001001001010110100100110100
2570 01001001001001010110100100110101
2571 01001001001001010110100100110110
2572 01001001001001010110100100110111
2573 01001001001001010110100100111100
2574 01001001001001010110100100111101
